1353602158.08   0,0,64,5,183,100;1,0,-50,-16,245,100 
 0.109197854996   0,0,64,5,183,100;1,0,-50,-15,245,100 
 0.117162942886   0,0,63,5,182,100;1,0,-50,-16,245,100 
 0.131884098053   0,0,65,4,183,100;1,0,-50,-15,245,100 
 0.101015090942   0,0,65,4,183,100;1,0,-51,-16,245,100 
 0.116993904114   0,0,64,5,183,100;1,0,-50,-16,245,100 
 0.13479590416   0,0,65,5,183,100;1,0,-50,-15,245,100 
 0.122462034225   0,0,64,4,183,100;1,0,-51,-16,247,100 
 0.135234117508   0,0,63,5,182,100;1,0,-50,-16,245,100 
 0.139108896255   0,0,63,5,182,100;1,0,-50,-16,245,100 
 0.103223085403   0,0,63,5,182,100;1,0,-50,-16,245,100 
 0.124407052994   0,0,65,4,183,100;1,0,-51,-16,247,100 
 0.135104894638   0,0,65,5,183,100;1,0,-50,-16,245,100 
 0.0946369171143   0,0,65,5,183,100;1,0,-50,-16,245,100 
 0.11883020401   0,0,65,5,183,100;1,0,-50,-16,245,100 
 0.126529932022   0,0,65,5,183,100;1,0,-51,-16,245,100 
 0.106045007706   0,0,65,5,183,100;1,0,-50,-15,245,100 
 0.12680888176   0,0,65,5,183,100;1,0,-50,-16,245,100 
 0.134765148163   0,0,64,5,183,100;1,0,-50,-15,245,100 
 0.102838993073   0,0,64,5,183,100;1,0,-50,-16,245,100 
 0.123898983002   0,0,65,5,183,100;1,0,-50,-16,245,100 
 0.124876022339   0,0,65,5,183,100;1,0,-49,-16,247,100 
 0.0994310379028   0,0,65,5,183,100;1,0,-50,-16,245,100 
 0.129721879959   0,0,64,5,183,100;1,0,-50,-15,245,100 
 0.122414112091   0,0,65,5,183,100;1,0,-50,-16,245,100 
 0.0948858261108   0,0,65,4,183,100;1,0,-51,-16,245,100 
 0.132298946381   0,0,63,5,182,100;1,0,-51,-16,245,100 
 0.13246512413   0,0,65,5,183,100;1,0,-50,-16,245,100 
 0.0982620716095   0,0,65,5,183,100;1,0,-50,-15,245,100 
 0.111770868301   0,0,65,4,183,100;1,0,-50,-16,245,100 
 0.124076128006   0,0,65,5,183,100;1,0,-50,-16,245,100 
 0.0933449268341   0,0,65,5,183,100;1,0,-50,-17,245,100 
 0.121685028076   0,0,65,4,183,100;1,0,-50,-15,245,100 
 0.129549980164   0,0,65,5,183,100;1,0,-51,-15,245,100 
 0.114156007767   0,0,65,4,183,100;1,0,-50,-16,245,100 
 0.127505064011   0,0,65,5,183,100;1,0,-51,-16,245,100 
 0.118832826614   0,0,65,5,183,100;1,0,-50,-16,245,100 
 0.1049721241   0,0,64,5,183,100;1,0,-50,-16,245,100 
 0.135663986206   0,0,64,5,183,100;1,0,-51,-16,247,100 
 0.127343893051   0,0,65,5,183,100;1,0,-51,-16,245,100 
 0.0952100753784   0,0,65,5,183,100;1,0,-50,-15,245,100 
 0.125485897064   0,0,64,5,183,100;1,0,-51,-15,245,100 
 0.131967067719   0,0,65,5,183,100;1,0,-51,-16,247,100 
 0.108211040497   0,0,65,5,183,100;1,0,-50,-16,245,100 
 0.136351108551   0,0,65,5,183,100;1,0,-50,-16,247,100 
 0.132587909698   0,0,65,4,183,100;1,0,-50,-15,245,100 
 0.0997159481049   0,0,65,5,183,100;1,0,-50,-16,245,100 
 0.122810125351   0,0,64,5,182,100;1,0,-50,-15,245,100 
 0.132557868958   0,0,65,5,183,100;1,0,-50,-16,245,100 
 0.106987953186   0,0,64,5,183,100;1,0,-50,-16,245,100 
 0.126829147339   0,0,64,5,183,100;1,0,-50,-16,245,100 
 0.138736963272   0,0,63,5,182,100;1,0,-50,-16,245,100 
 0.124274015427   0,0,65,5,183,100;1,0,-51,-16,245,100 
 0.122016906738   0,0,65,5,183,100;1,0,-51,-16,245,100 
 0.134241104126   0,0,65,5,183,100;1,0,-50,-15,245,100 
 0.126757860184   0,0,65,4,183,100;1,0,-50,-16,245,100 
 0.130789041519   0,0,65,4,183,100;1,0,-50,-16,245,100 
 0.153030157089   0,0,64,4,183,100;1,0,-50,-16,245,100 
 0.129537820816   0,0,65,5,183,100;1,0,-50,-16,245,100 
 0.130982160568   0,0,64,5,183,100;1,0,-50,-15,247,100 
 0.13397192955   0,0,64,5,183,100;1,0,-51,-16,247,100 
 0.154984951019   0,0,65,5,183,100;1,0,-50,-16,245,100 
 0.111097097397   0,0,64,5,183,100;1,0,-51,-16,245,100 
 0.142832040787   0,0,65,5,183,100;1,0,-50,-16,245,100 
 0.133440971375   0,0,65,4,183,100;1,0,-51,-15,245,100 
 0.105132818222   0,0,64,4,183,100;1,0,-50,-16,245,100 
 0.152823209763   0,0,64,5,183,100;1,0,-50,-16,245,100 
 0.133387804031   0,0,64,5,183,100;1,0,-50,-16,245,100 
 0.107099056244   0,0,65,5,183,100;1,0,-51,-16,247,100 
 0.122076034546   0,0,65,4,183,100;1,0,-50,-16,245,100 
 0.138145923615   0,0,64,4,183,100;1,0,-50,-16,245,100 
 0.110359191895   0,0,64,5,183,100;1,0,-50,-15,245,100 
 0.128640890121   0,0,64,5,183,100;1,0,-50,-16,245,100 
 0.142349004745   0,0,65,5,184,100;1,0,-51,-15,245,100 
 0.109237909317   0,0,64,5,183,100;1,0,-51,-16,247,100 
 0.117245197296   0,0,65,5,183,100;1,0,-50,-15,245,100 
 0.134126901627   0,0,65,5,183,100;1,0,-51,-16,245,100 
 0.10765004158   0,0,65,5,183,100;1,0,-50,-15,245,100 
 0.12584400177   0,0,65,5,183,100;1,0,-51,-15,247,100 
 0.117471933365   0,0,64,5,183,100;1,0,-50,-16,245,100 
 0.104706048965   0,0,65,4,183,100;1,0,-50,-16,245,100 
 0.126076936722   0,0,65,4,183,100;1,0,-50,-16,245,100 
 0.142842054367   0,0,65,5,183,100;1,0,-50,-15,245,100 
 0.101549863815   0,0,64,4,183,100;1,0,-50,-15,245,100 
 0.12180519104   0,0,63,5,182,100;1,0,-50,-15,245,100 
 0.141372919083   0,0,65,5,183,100;1,0,-50,-16,245,100 
 0.109049081802   0,0,65,4,183,100;1,0,-50,-16,245,100 
 0.12630200386   0,0,64,4,183,100;1,0,-50,-16,245,100 
 0.162638902664   0,0,65,4,183,100;1,0,-50,-16,245,100 
 0.116301059723   0,0,65,5,183,100;1,0,-51,-16,247,100 
 0.153099060059   0,0,64,5,183,100;1,0,-50,-15,245,100 
 0.141930818558   0,0,65,4,183,100;1,0,-50,-16,245,100 
 0.130411148071   0,0,65,4,183,100;1,0,-50,-15,245,100 
 0.145289897919   0,0,64,5,183,100;1,0,-51,-15,245,100 
 0.160839080811   0,0,65,5,183,100;0,1,-197,9,384,100;1,0,-50,-15,245,100 
 0.140504837036   0,0,64,5,183,100;0,1,-183,-1,363,100;1,0,-50,-15,245,100 
 0.144999027252   0,0,65,5,183,100;0,1,-176,-4,355,100;1,0,-51,-15,245,100 
 0.144464969635   0,0,64,5,183,100;0,1,-165,-4,337,100;1,0,-51,-15,247,100 
 0.132345199585   0,0,65,5,183,100;0,1,-164,-3,340,100;1,0,-50,-16,245,100 
 0.153209924698   0,0,65,5,183,100;0,1,-160,-6,340,100;1,0,-51,-16,245,100 
 0.157752990723   0,0,64,4,183,100;0,1,-159,-7,330,100;1,0,-50,-16,245,100 
 0.121650934219   0,0,64,5,183,100;0,1,-146,-5,320,100;1,0,-50,-16,245,100 
 0.139228105545   0,0,64,5,183,100;0,1,-141,-10,311,100;1,0,-50,-15,245,100 
 0.139592885971   0,0,63,5,183,100;0,1,-140,-9,311,100;1,0,-51,-16,245,100 
 0.128368139267   0,0,65,4,183,100;0,1,-141,-8,308,100;1,0,-50,-16,245,100 
 0.140709877014   0,0,65,5,183,100;0,1,-132,-7,297,100;1,0,-50,-16,245,100 
 0.15914607048   0,0,64,4,183,100;0,1,-128,-10,294,100;1,0,-50,-17,245,100 
 0.128856897354   0,0,65,5,183,100;0,1,-123,4,291,100;1,0,-50,-16,245,100 
 0.135172128677   0,0,65,5,183,100;0,1,-114,-10,289,100;1,0,-50,-15,245,100 
 0.160570859909   0,0,64,5,183,100;0,1,-106,-9,291,100;1,0,-50,-16,245,100 
 0.123723983765   0,0,65,4,183,100;0,1,-107,-7,289,100;1,0,-51,-16,245,100 
 0.169190168381   0,0,65,5,183,100;0,1,-105,-9,289,100;1,0,-51,-16,245,100 
 0.171511888504   0,0,65,5,183,100;0,1,-104,-3,289,100;1,0,-51,-16,245,100 
 0.144543170929   0,0,65,5,183,100;0,1,-103,-9,289,100;1,0,-51,-15,245,100 
 0.153477907181   0,0,65,4,183,100;0,1,-103,5,291,100;1,0,-50,-16,245,100 
 0.155907869339   0,0,65,5,184,100;0,1,-106,-6,289,100;1,0,-49,-15,245,100 
 0.127125024796   0,0,65,5,184,100;0,1,-105,-8,289,100;1,0,-51,-16,247,100 
 0.152060031891   0,0,65,5,184,100;0,1,-105,-7,289,100;1,0,-50,-16,245,100 
 0.171041965485   0,0,65,4,183,100;0,1,-106,-9,289,100;1,0,-51,-15,247,100 
 0.155408143997   0,0,65,5,183,100;0,1,-105,-9,286,100;1,0,-51,-16,245,100 
 0.150861024857   0,0,65,5,183,100;0,1,-105,-7,289,100;1,0,-50,-16,245,100 
 0.1589179039   0,0,65,5,183,100;0,1,-105,-5,289,100;1,0,-51,-16,245,100 
 0.142668008804   0,0,65,5,183,100;0,1,-103,-8,289,100;1,0,-50,-15,245,100 
 0.162439107895   0,0,64,5,183,100;0,1,-98,-9,281,100;1,0,-51,-16,245,100 
 0.15518784523   0,0,65,5,183,100;0,1,-96,-7,281,100;1,0,-50,-15,245,100 
 0.116115093231   0,0,64,5,183,100;0,1,-93,-9,284,100;1,0,-50,-16,245,100 
 0.151679992676   0,0,64,5,183,100;0,1,-86,-11,286,100;1,0,-50,-15,245,100 
 0.16757106781   0,0,65,5,183,100;0,1,-87,-10,281,100;1,0,-50,-16,245,100 
 0.146516799927   0,0,64,5,183,100;0,1,-85,-10,281,100;1,0,-51,-15,247,100 
 0.122133016586   0,0,64,5,183,100;0,1,-82,-10,274,100;1,0,-50,-16,245,100 
 0.153172016144   0,0,64,4,183,100;0,1,-82,-9,267,100;1,0,-50,-16,245,100 
 0.125427961349   0,0,64,5,183,100;0,1,-80,-8,263,100;1,0,-51,-15,245,100 
 0.149908065796   0,0,63,5,182,100;0,1,-83,-9,255,100;1,0,-51,-16,247,100 
 0.163640975952   0,0,64,5,183,100;0,1,-82,-12,247,100;1,0,-50,-15,245,100 
 0.120074033737   0,0,64,5,183,100;0,1,-81,-11,241,100;1,0,-51,-15,247,100 
 0.146935939789   0,0,64,5,183,100;0,1,-82,3,233,100;1,0,-50,-16,245,100 
 0.145316123962   0,0,65,5,183,100;0,1,-81,-8,231,100;1,0,-51,-16,245,100 
 0.132839918137   0,0,65,5,183,100;0,1,-76,-15,223,100;1,0,-51,-16,245,100 
 0.148910999298   0,0,65,5,183,100;0,1,-69,-15,216,100;1,0,-50,-16,245,100 
 0.168413162231   0,0,64,5,183,100;0,1,-64,-17,210,100;1,0,-50,-16,245,100 
 0.133534908295   0,0,64,5,183,100;0,1,-60,-16,205,100;1,0,-48,-15,245,100 
 0.141901016235   0,0,65,5,183,100;0,1,-59,-16,200,100;1,0,-51,-15,245,100 
 0.151033878326   0,0,65,5,183,100;0,1,-59,-16,197,100;1,0,-51,-16,245,100 
 0.124595165253   0,0,65,5,183,100;0,1,-60,-15,191,100;1,0,-50,-16,245,100 
 0.143138885498   0,0,65,5,183,100;0,1,-61,-16,184,100;1,0,-50,-16,245,100 
 0.161170959473   0,0,64,5,183,100;0,1,-60,-15,179,100;1,0,-50,-15,245,100 
 0.123471021652   0,0,64,5,183,100;0,1,-58,-15,169,100;1,0,-49,-16,245,100 
 0.149707078934   0,0,64,4,183,100;0,1,-57,-15,163,100;1,0,-51,-16,245,100 
 0.146822929382   0,0,64,4,183,100;0,1,-58,-17,163,100;1,0,-50,-16,247,100 
 0.132230043411   0,0,64,4,183,100;0,1,-58,-16,155,100;1,0,-50,-16,245,100 
 0.145220994949   0,0,65,5,183,100;0,1,-55,-15,151,100;1,0,-50,-16,245,100 
 0.16884803772   0,0,65,5,183,100;0,1,-53,-16,147,100;1,0,-50,-16,245,100 
 0.125954866409   0,0,65,5,183,100;0,1,-47,-16,139,100;1,0,-50,-16,245,100 
 0.144339084625   0,0,65,4,183,100;0,1,-40,-15,134,100;1,0,-51,-16,245,100 
 0.145867109299   0,0,64,5,183,100;0,1,-36,-17,134,100;1,0,-50,-16,245,100 
 0.120261907578   0,0,64,5,183,100;0,1,-31,-18,133,100;1,0,-50,-16,245,100 
 0.133549928665   0,0,64,5,182,100;0,1,-27,-17,135,100;1,0,-50,-16,245,100 
 0.154072999954   0,0,64,5,182,100;0,1,-25,-16,141,100;1,0,-50,-16,245,100 
 0.128437042236   0,0,63,4,181,100;0,1,-23,-16,154,100;1,0,-51,-16,245,100 
 0.155637025833   0,0,64,5,182,100;0,1,-21,-14,168,100;1,0,-50,-16,245,100 
 0.149816989899   0,0,64,5,182,100;0,1,-20,-14,173,100;1,0,-50,-16,245,100 
 0.121848106384   0,0,64,5,182,100;0,1,-18,-14,180,100;1,0,-50,-16,245,100 
 0.128458976746   0,0,65,5,183,100;0,1,-15,-14,181,100;1,0,-50,-16,245,100 
 0.158289909363   0,0,64,5,183,100;0,1,-12,-14,180,100;1,0,-50,-15,245,100 
 0.106614112854   0,0,64,5,182,100;0,1,-8,-15,179,100;1,0,-50,-16,245,100 
 0.141607999802   0,0,65,5,183,100;0,1,-5,-15,178,100;1,0,-50,-15,245,100 
 0.129678964615   0,0,64,5,182,100;0,1,-1,-15,178,100;1,0,-50,-16,245,100 
 0.132786989212   0,0,65,5,183,100;0,1,0,-16,174,100;1,0,-50,-16,245,100 
 0.144294023514   0,0,64,5,182,100;0,1,2,-15,174,100;1,0,-50,-16,245,100 
 0.188549041748   0,0,63,5,182,100;0,1,2,-13,175,100;1,0,-50,-16,245,100 
 0.14044380188   0,0,64,4,182,100;1,0,-50,-16,245,100 
 0.158459186554   0,0,65,5,183,100;0,1,3,-14,174,100;1,0,-50,-15,245,100 
 0.150968790054   0,0,64,5,182,100;0,1,3,-14,174,100;1,0,-50,-16,245,100 
 0.157594203949   0,0,64,5,182,100;0,1,2,-13,175,100;1,0,-51,-16,245,100 
 0.161067962646   0,0,64,5,182,100;0,1,0,-15,177,100;1,0,-50,-16,245,100 
 0.152621030807   0,0,64,5,182,100;0,1,-3,-14,179,100;1,0,-50,-16,245,100 
 0.104306936264   0,0,64,5,182,100;0,1,-5,-16,180,100;1,0,-50,-15,245,100 
 0.162765979767   0,0,64,5,182,100;0,1,-9,-16,183,100;1,0,-50,-16,245,100 
 0.143732070923   0,0,63,5,182,100;0,1,-10,-17,184,100;1,0,-51,-16,247,100 
 0.137496948242   0,0,64,5,182,100;0,1,-13,-17,188,100;1,0,-50,-16,245,100 
 0.132941961288   0,0,64,5,182,100;0,1,-15,-17,188,100;1,0,-50,-16,245,100 
 0.159472942352   0,0,64,5,182,100;0,1,-17,-17,188,100;1,0,-50,-16,245,100 
 0.118273019791   0,0,64,5,182,100;0,1,-17,-19,188,100;1,0,-51,-15,245,100 
 0.157444000244   0,0,64,5,182,100;0,1,-13,-17,186,100;1,0,-50,-15,245,100 
 0.162985086441   0,0,64,5,182,100;0,1,-8,-18,182,100;1,0,-51,-16,247,100 
 0.110189914703   0,0,64,5,182,100;0,1,-3,-16,176,100;1,0,-51,-16,245,100 
 0.135148048401   0,0,64,5,182,100;0,1,0,-15,170,100;1,0,-50,-16,245,100 
 0.154066085815   0,0,63,5,182,100;0,1,1,-14,163,100;1,0,-50,-15,245,100 
 0.133370876312   0,0,64,5,182,100;0,1,4,-12,160,100;1,0,-50,-16,245,100 
 0.139223098755   0,0,63,5,182,100;0,1,5,-15,161,100;1,0,-50,-16,245,100 
 0.158350944519   0,0,64,5,182,100;0,1,7,-13,165,100;1,0,-50,-16,245,100 
 0.120856046677   0,0,64,5,182,100;0,1,7,-14,169,100;1,0,-51,-16,245,100 
 0.140928030014   0,0,64,5,182,100;0,1,7,-14,175,100;1,0,-51,-15,245,100 
 0.162546873093   0,0,64,5,182,100;0,1,8,-14,182,100;1,0,-50,-16,245,100 
 0.125499010086   0,0,64,5,182,100;0,1,9,-14,185,100;1,0,-50,-15,245,100 
 0.155508041382   0,0,64,4,182,100;0,1,9,-14,187,100;1,0,-50,-16,245,100 
 0.158279895782   0,0,64,5,182,100;0,1,8,-11,187,100;1,0,-48,-16,245,100 
 0.13997220993   0,0,64,5,182,100;0,1,8,-12,185,100;1,0,-50,-16,245,100 
 0.141863822937   0,0,64,5,182,100;0,1,6,-13,181,100;1,0,-50,-15,245,100 
 0.168293952942   0,0,64,5,182,100;0,1,5,-13,171,100;1,0,-50,-16,245,100 
 0.1148250103   0,0,64,5,182,100;0,1,3,-12,163,100;1,0,-51,-16,245,100 
 0.13711810112   0,0,64,4,182,100;0,1,3,-12,154,100;1,0,-50,-16,245,100 
 0.149760007858   0,0,63,5,182,100;0,1,2,-15,148,100;1,0,-50,-15,245,100 
 0.136333942413   0,0,64,5,182,100;0,1,3,-14,139,100;1,0,-50,-16,245,100 
 0.142341136932   0,0,64,5,182,100;0,1,3,-14,135,100;1,0,-50,-15,245,100 
 0.154814004898   0,0,64,5,182,100;0,1,4,-15,133,100;1,0,-51,-15,245,100 
 0.126019001007   0,0,64,5,182,100;0,1,3,-15,130,100;1,0,-50,-16,245,100 
 0.137209892273   0,0,64,5,182,100;0,1,3,-15,129,100;1,0,-50,-16,245,100 
 0.158169031143   0,0,64,5,182,100;0,1,3,-15,129,100;1,0,-51,-15,247,100 
 0.132032871246   0,0,64,5,182,100;0,1,3,-15,128,100;1,0,-50,-16,245,100 
 0.143208026886   0,0,64,5,182,100;0,1,3,-15,129,100;1,0,-50,-15,245,100 
 0.174372196198   0,0,63,4,182,100;0,1,3,-15,129,100;1,0,-50,-16,245,100 
 0.123899936676   0,0,64,5,182,100;0,1,4,-14,131,100;1,0,-50,-15,245,100 
 0.155052900314   0,0,64,5,182,100;0,1,4,-12,137,100;1,0,-51,-15,245,100 
 0.148666143417   0,0,63,5,182,100;0,1,4,-14,145,100;1,0,-50,-15,245,100 
 0.122493982315   0,0,64,5,182,100;0,1,8,-15,155,100;1,0,-50,-16,245,100 
 0.146023988724   0,0,64,4,182,100;0,1,11,-15,171,100;1,0,-50,-15,245,100 
 0.168828964233   0,0,64,5,182,100;0,1,13,-15,179,100;1,0,-50,-16,245,100 
 0.12043094635   0,0,65,3,182,100;0,1,13,-16,181,100;1,0,-50,-15,247,100 
 0.1366751194   0,0,64,5,182,100;0,1,12,-15,188,100;1,0,-50,-16,245,100 
 0.165867805481   0,0,64,4,182,100;0,1,12,-15,194,100;1,0,-49,-16,245,100 
 0.125675201416   0,0,65,5,182,100;0,1,11,-14,201,100;1,0,-51,-15,247,100 
 0.141642808914   0,0,64,5,182,100;0,1,5,-10,207,100;1,0,-50,-16,245,100 
 0.173655033112   0,0,64,4,182,100;0,1,2,-10,216,100;1,0,-50,-16,245,100 
 0.133185148239   0,0,64,5,182,100;0,1,-2,-12,225,100;1,0,-51,-16,245,100 
 0.136137008667   0,0,64,5,182,100;0,1,-4,-12,231,100;1,0,-51,-16,245,100 
 0.150871992111   0,0,64,4,182,100;0,1,-4,-11,233,100;1,0,-51,-15,245,100 
 0.117934942245   0,0,64,5,182,100;0,1,-5,-10,240,100;1,0,-50,-16,245,100 
 0.128530025482   0,0,64,5,182,100;0,1,-5,-11,245,100;1,0,-50,-16,245,100 
 0.147603988647   0,0,64,5,182,100;0,1,-6,-9,253,100;1,0,-51,-16,245,100 
 0.110504865646   0,0,63,5,182,100;0,1,-9,-7,253,100;1,0,-50,-16,245,100 
 0.136763095856   0,0,64,4,182,100;0,1,-7,-10,267,100;1,0,-50,-16,245,100 
 0.167646884918   0,0,64,5,182,100;0,1,-8,-8,279,100;1,0,-51,-16,245,100 
 0.144143104553   0,0,64,5,182,100;0,1,-5,-6,272,100;1,0,-51,-16,245,100 
 0.165043115616   0,0,64,5,182,100;0,1,-5,-6,274,100;1,0,-50,-15,245,100 
 0.146318912506   0,0,64,5,182,100;0,1,-5,-5,274,100;1,0,-52,-15,247,100 
 0.134402036667   0,0,64,4,182,100;0,1,-5,-6,272,100;1,0,-51,-16,245,100 
 0.13609790802   0,0,64,5,182,100;0,1,-4,-6,274,100;1,0,-50,-16,245,100 
 0.157110929489   0,0,64,4,182,100;0,1,-5,-6,274,100;1,0,-50,-16,245,100 
 0.1265001297   0,0,64,5,182,100;0,1,-5,-6,274,100;1,0,-50,-16,245,100 
 0.145241975784   0,0,64,5,182,100;0,1,-5,-6,279,100;1,0,-50,-16,245,100 
 0.195406913757   0,0,64,5,182,100;0,1,-4,-8,272,100;1,0,-51,-15,245,100 
 0.117264986038   0,0,64,5,182,100;0,1,-4,-11,267,100;1,0,-50,-16,245,100 
 0.156399011612   0,0,64,5,182,100;0,1,-3,-12,265,100;1,0,-51,-15,247,100 
 0.149875164032   0,0,64,5,182,100;0,1,-4,-10,255,100;1,0,-50,-15,245,100 
 0.119887828827   0,0,64,5,182,100;0,1,-5,-10,249,100;1,0,-50,-16,245,100 
 0.143943071365   0,0,64,5,182,100;0,1,-6,-11,247,100;1,0,-50,-15,245,100 
 0.158726930618   0,0,64,5,182,100;0,1,-6,-10,245,100;1,0,-51,-16,247,100 
 0.142594099045   0,0,64,5,182,100;0,1,-7,-9,240,100;1,0,-50,-16,245,100 
 0.123162031174   0,0,64,5,182,100;0,1,-10,-13,236,100;1,0,-50,-16,245,100 
 0.159255981445   0,0,64,5,182,100;0,1,-14,-11,233,100;1,0,-50,-16,245,100 
 0.13355588913   0,0,64,5,182,100;0,1,-20,-14,228,100;1,0,-49,-16,245,100 
 0.137943983078   0,0,64,5,182,100;0,1,-24,-16,226,100;1,0,-50,-15,245,100 
 0.132608175278   0,0,64,4,182,100;0,1,-27,-14,223,100;1,0,-51,-16,245,100 
 0.104735851288   0,0,64,4,182,100;0,1,-27,-17,225,100;1,0,-50,-16,245,100 
 0.133457183838   0,0,64,5,182,100;0,1,-26,-15,225,100;1,0,-50,-16,245,100 
 0.129535913467   0,0,64,5,182,100;0,1,-23,-16,228,100;1,0,-50,-15,245,100 
 0.122325897217   0,0,63,5,182,100;0,1,-19,-15,231,100;1,0,-50,-16,245,100 
 0.134756088257   0,0,64,4,182,100;0,1,-13,-14,233,100;1,0,-50,-15,245,100 
 0.150454998016   0,0,64,5,182,100;1,0,-51,-16,247,100 
 0.146229028702   0,0,63,5,182,100;0,1,-8,-12,238,100;1,0,-50,-16,245,100 
 0.145765066147   0,0,64,5,182,100;0,1,-6,-10,240,100;1,0,-51,-15,245,100 
 0.14467382431   0,0,64,5,182,100;0,1,-6,-11,238,100;1,0,-50,-16,245,100 
 0.113654136658   0,0,64,5,182,100;0,1,-5,-13,236,100;1,0,-50,-15,245,100 
 0.124017000198   0,0,64,5,182,100;0,1,-6,-15,234,100;1,0,-50,-16,245,100 
 0.132782936096   0,0,64,4,182,100;0,1,-4,-16,238,100;1,0,-50,-16,245,100 
 0.107163906097   0,0,63,4,181,100;0,1,-11,-15,234,100;1,0,-50,-16,245,100 
 0.136684179306   0,0,64,5,183,100;0,1,-23,-14,240,100;1,0,-50,-16,245,100 
 0.153667926788   0,0,64,5,182,100;0,1,-25,-17,236,100;1,0,-51,-16,245,100 
 0.125283002853   0,0,64,5,182,100;0,1,-25,-13,228,100;1,0,-50,-16,245,100 
 0.156807899475   0,0,64,5,182,100;0,1,-22,-14,225,100;1,0,-50,-16,245,100 
 0.166241168976   0,0,64,5,182,100;0,1,-19,-13,220,100;1,0,-50,-16,245,100 
 0.121470928192   0,0,64,5,182,100;0,1,-20,-14,217,100;1,0,-51,-16,245,100 
 0.123768091202   0,0,64,5,182,100;0,1,-20,-13,213,100;1,0,-51,-16,247,100 
 0.143895864487   0,0,64,5,182,100;0,1,-15,-13,209,100;1,0,-50,-16,245,100 
 0.110209941864   0,0,64,5,182,100;0,1,-11,-16,205,100;1,0,-50,-16,245,100 
 0.132219076157   0,0,65,5,183,100;0,1,-9,-16,202,100;1,0,-50,-15,245,100 
 0.139409065247   0,0,64,5,183,100;0,1,-9,-17,202,100;1,0,-51,-15,247,100 
 0.120178937912   0,0,64,5,182,100;0,1,-8,-14,201,100;1,0,-50,-16,245,100 
 0.144556045532   0,0,64,4,182,100;0,1,-11,-16,204,100;1,0,-50,-16,245,100 
 0.156282901764   0,0,64,5,182,100;0,1,-15,-15,209,100;1,0,-50,-16,245,100 
 0.116537094116   0,0,63,4,182,100;0,1,-22,-15,216,100;1,0,-51,-16,245,100 
 0.14430308342   0,0,64,5,182,100;0,1,-31,-15,226,100;1,0,-51,-16,245,100 
 0.147022008896   0,0,64,5,182,100;0,1,-33,-14,225,100;1,0,-50,-16,245,100 
 0.122886896133   0,0,64,4,182,100;0,1,-36,-15,226,100;1,0,-50,-16,245,100 
 0.133912086487   0,0,64,5,182,100;0,1,-37,-14,222,100;1,0,-51,-16,245,100 
 0.14621090889   0,0,64,5,182,100;0,1,-41,-12,220,100;1,0,-50,-16,245,100 
 0.125797986984   0,0,64,5,182,100;0,1,-50,-13,214,100;1,0,-50,-16,245,100 
 0.147308111191   0,0,64,4,182,100;0,1,-57,-12,209,100;1,0,-50,-16,245,100 
 0.15131688118   0,0,64,5,182,100;0,1,-70,-11,214,100;1,0,-51,-16,245,100 
 0.153053045273   0,0,64,5,182,100;0,1,-77,-11,219,100;1,0,-50,-16,245,100 
 0.133487939835   0,0,63,5,182,100;0,1,-79,-9,220,100;1,0,-50,-15,245,100 
 0.147795915604   0,0,64,4,182,100;0,1,-89,-9,238,100;1,0,-49,-16,247,100 
 0.12487912178   0,0,64,5,182,100;0,1,-97,-10,247,100;1,0,-51,-16,247,100 
 0.15891289711   0,0,64,5,182,100;0,1,-110,-8,261,100;1,0,-50,-16,245,100 
 0.131236076355   0,0,63,5,182,100;0,1,-117,-4,272,100;1,0,-50,-15,245,100 
 0.124732017517   0,0,64,5,182,100;0,1,-132,1,294,100;1,0,-50,-16,245,100 
 0.160649061203   0,0,64,5,182,100;0,1,-142,-8,308,100;1,0,-50,-16,245,100 
 0.149574041367   0,0,64,5,182,100;0,1,-150,-3,314,100;1,0,-50,-16,245,100 
 0.121212005615   0,0,64,5,182,100;0,1,-163,6,340,100;1,0,-51,-15,245,100 
 0.133309841156   0,0,64,5,182,100;0,1,-175,-1,359,100;1,0,-50,-16,245,100 
 0.171694993973   0,0,64,5,182,100;0,1,-194,7,380,100;1,0,-50,-15,245,100 
 0.12313914299   0,0,-209,20,394,100;0,1,64,5,182,100;1,0,-50,-16,245,100 
 0.134554862976   0,0,64,5,182,100;1,0,-51,-15,245,100 
 0.154575109482   0,0,64,5,182,100;1,0,-50,-16,245,100 
 0.147527933121   0,0,64,5,182,100;1,0,-50,-16,245,100 
 0.129493951797   0,0,64,5,182,100;1,0,-51,-16,245,100 
 0.148564100266   0,0,64,5,182,100;1,0,-50,-16,247,100 
 0.110776901245   0,0,64,5,182,100;1,0,-50,-16,245,100 
 0.138095140457   0,0,64,5,182,100;1,0,-51,-15,247,100 
 0.156344890594   0,0,64,4,182,100;1,0,-49,-15,245,100 
 0.169647932053   0,0,64,4,182,100;1,0,-51,-16,245,100 
 0.108445167542   0,0,64,5,182,100;1,0,-50,-16,245,100 
 0.1280169487   0,0,64,5,182,100;1,0,-51,-15,245,100 
 0.146226882935   0,0,64,5,183,100;1,0,-51,-16,245,100 
 0.120563030243   0,0,64,5,182,100;1,0,-49,-16,245,100 
 0.123342037201   0,0,64,5,182,100;1,0,-50,-16,245,100 
 0.152286052704   0,0,64,5,182,100;1,0,-52,-16,247,100 
 0.119765043259   0,0,64,5,182,100;1,0,-50,-16,245,100 
 0.121888875961   0,0,64,5,182,100;1,0,-50,-16,245,100 
 0.132979154587   0,0,64,5,182,100;1,0,-50,-16,245,100 
 0.109998941422   0,0,64,4,182,100;1,0,-50,-16,245,100 
 0.134161949158   0,0,64,5,182,100;1,0,-51,-16,245,100 
 0.13174200058   0,0,63,5,182,100;1,0,-50,-15,245,100 
 0.112627983093   0,0,64,5,182,100;1,0,-50,-15,245,100 
 0.168330907822   0,0,64,5,182,100;1,0,-50,-15,245,100 
 0.153291225433   0,0,64,5,182,100;1,0,-50,-15,245,100 
 0.108392953873   0,0,64,5,182,100;1,0,-50,-16,245,100 
 0.126858949661   0,0,64,5,182,100;1,0,-51,-16,245,100 
 0.146651983261   0,0,64,5,182,100;1,0,-50,-15,245,100 
 0.106959104538   0,0,64,5,182,100;1,0,-51,-16,247,100 
 0.123019933701   0,0,64,5,182,100;1,0,-50,-16,245,100 
 0.137940883636   0,0,64,5,182,100;1,0,-50,-16,245,100 
 0.101041078568   0,0,64,5,182,100;1,0,-50,-15,245,100 
 0.124247074127   0,0,64,4,182,100;1,0,-50,-16,245,100 
 0.143920898438   0,0,64,5,182,100;1,0,-50,-15,245,100 
 0.098452091217   0,0,65,5,183,100;1,0,-50,-16,245,100 
 0.122352838516   0,0,64,5,182,100;1,0,-50,-16,245,100 
 0.140117168427   0,0,64,5,182,100;1,0,-50,-16,245,100 
 0.114696025848   0,0,64,5,182,100;1,0,-51,-15,247,100 
 0.138103961945   0,0,64,5,182,100;1,0,-50,-16,245,100 
 0.153666973114   0,0,65,5,183,100;1,0,-50,-16,245,100 
 0.0980010032654   0,0,65,4,183,100;1,0,-51,-15,245,100 
 0.13844704628   0,0,64,5,182,100;1,0,-51,-16,245,100 
 0.134256839752   0,0,64,5,183,100;1,0,-50,-16,245,100 
 0.106710195541   0,0,64,5,182,100;1,0,-50,-16,245,100 
 0.124307870865   0,0,64,5,183,100;1,0,-51,-16,245,100 
 0.139785051346   0,0,65,5,183,100;1,0,-49,-16,247,100 
 0.0990960597992   0,0,65,5,183,100;1,0,-50,-16,245,100 
 0.130722999573   0,0,65,4,183,100;1,0,-50,-16,245,100 
 0.125658988953   0,0,65,5,183,100;1,0,-50,-16,245,100 
 0.0939979553223   0,0,63,4,182,100;1,0,-50,-16,245,100 
 0.114832878113   0,0,64,4,182,100;1,0,-50,-16,245,100 
 0.132093191147   0,0,65,5,183,100;1,0,-51,-16,245,100 
 0.11258482933   0,0,64,5,182,100;1,0,-49,-16,245,100 
 0.12610912323   0,0,65,5,183,100;1,0,-50,-16,245,100 
 0.149054050446   0,0,65,5,183,100;1,0,-50,-15,245,100 
 0.12735581398   0,0,65,5,183,100;1,0,-50,-16,245,100 
 0.123133182526   0,0,65,5,183,100;1,0,-50,-16,245,100 
 0.139459848404   0,0,65,5,183,100;1,0,-51,-16,245,100 
 0.103539943695   0,0,63,5,182,100;1,0,-50,-16,247,100 
 0.134220123291   0,0,63,5,182,100;0,1,-78,6,389,100;1,0,-51,-16,245,100 
 0.13268494606   0,0,65,5,183,100;0,1,-76,0,380,100;1,0,-50,-16,245,100 
 0.102476119995   0,0,65,5,183,100;0,1,-69,-7,363,100;1,0,-50,-15,245,100 
 0.141310930252   0,0,64,4,182,100;0,1,-65,-5,351,100;1,0,-50,-16,245,100 
 0.161549091339   0,0,64,5,183,100;0,1,-63,-7,337,100;1,0,-51,-16,245,100 
 0.106880903244   0,0,65,4,183,100;0,1,-59,-6,323,100;1,0,-49,-16,245,100 
 0.159341096878   0,0,64,5,183,100;0,1,-53,-8,311,100;1,0,-51,-15,245,100 
 0.120851993561   0,0,65,5,183,100;0,1,-47,-11,302,100;1,0,-50,-16,245,100 
 0.175458908081   0,0,65,5,183,100;0,1,-47,-11,297,100;1,0,-50,-16,245,100 
 0.157284975052   0,0,63,5,182,100;0,1,-45,-10,286,100;1,0,-50,-16,245,100 
 0.113064050674   0,0,65,5,183,100;0,1,-42,-10,276,100;1,0,-50,-16,245,100 
 0.142154932022   0,0,65,5,183,100;0,1,-33,-10,261,100;1,0,-50,-16,245,100 
 0.15674996376   0,0,65,4,183,100;0,1,-29,-10,253,100;1,0,-50,-16,245,100 
 0.121296167374   0,0,65,5,183,100;0,1,-25,-12,251,100;1,0,-50,-16,245,100 
 0.145510911942   0,0,64,5,182,100;0,1,-20,-11,245,100;1,0,-50,-16,245,100 
 0.168413877487   0,0,63,5,182,100;0,1,-18,-11,243,100;1,0,-50,-16,245,100 
 0.116881132126   0,0,64,5,183,100;0,1,-10,-12,249,100;1,0,-51,-16,245,100 
 0.137242078781   0,0,65,5,183,100;0,1,-2,-10,247,100;1,0,-51,-15,245,100 
 0.161994934082   0,0,64,4,182,100;0,1,0,-5,253,100;1,0,-51,-15,247,100 
 0.125334024429   0,0,65,5,183,100;0,1,5,-5,251,100;1,0,-50,-15,245,100 
 0.129475831985   0,0,65,5,183,100;0,1,7,-6,253,100;1,0,-50,-15,245,100 
 0.170139074326   0,0,65,5,183,100;0,1,8,-13,251,100;1,0,-50,-16,245,100 
 0.122570991516   0,0,65,5,184,100;0,1,10,-13,251,100;1,0,-51,-16,247,100 
 0.136614084244   0,0,65,4,183,100;0,1,9,-13,251,100;1,0,-50,-16,247,100 
 0.156247854233   0,0,65,5,184,100;0,1,9,-4,249,100;1,0,-50,-16,245,100 
 0.125635147095   0,0,64,5,183,100;0,1,9,-6,247,100;1,0,-51,-15,245,100 
 0.129284858704   0,0,65,5,183,100;0,1,7,-5,247,100;1,0,-51,-16,245,100 
 0.153692007065   0,0,65,5,183,100;0,1,6,-6,241,100;1,0,-50,-16,245,100 
 0.124824047089   0,0,63,5,182,100;0,1,2,-9,231,100;1,0,-50,-15,245,100 
 0.138942956924   0,0,64,5,182,100;0,1,0,-10,222,100;1,0,-50,-16,245,100 
 0.151440143585   0,0,63,5,182,100;0,1,0,-11,210,100;1,0,-50,-16,245,100 
 0.133441925049   0,0,63,5,182,100;0,1,-5,-14,205,100;1,0,-50,-16,245,100 
 0.146066904068   0,0,65,4,183,100;0,1,-10,-14,204,100;1,0,-50,-16,245,100 
 0.153787136078   0,0,65,5,183,100;0,1,-10,-15,201,100;1,0,-50,-15,245,100 
 0.116854906082   0,0,65,5,183,100;0,1,-10,-15,199,100;1,0,-50,-16,245,100 
 0.139739990234   0,0,65,4,183,100;0,1,-8,-14,196,100;1,0,-50,-16,245,100 
 0.16047501564   0,0,63,4,182,100;0,1,-8,-14,199,100;1,0,-50,-16,245,100 
 0.12237405777   0,0,65,5,183,100;0,1,-6,-13,202,100;1,0,-50,-16,245,100 
 0.164530992508   0,0,65,5,183,100;0,1,-1,-14,209,100;1,0,-50,-16,245,100 
 0.152378082275   0,0,65,5,183,100;0,1,0,-13,213,100;1,0,-50,-15,245,100 
 0.122300863266   0,0,65,5,183,100;0,1,4,-11,210,100;1,0,-50,-16,245,100 
 0.131366014481   0,0,64,5,183,100;0,1,8,-11,234,100;1,0,-50,-16,245,100 
 0.139825105667   0,0,65,5,183,100;0,1,8,-10,240,100;1,0,-49,-16,245,100 
 0.119236946106   0,0,64,5,182,100;0,1,9,-10,240,100;1,0,-50,-15,245,100 
 0.143800020218   0,0,64,4,182,100;0,1,15,-13,247,100;1,0,-50,-15,245,100 
 0.147948980331   0,0,65,4,183,100;0,1,20,-14,245,100;1,0,-50,-15,245,100 
 0.135787010193   0,0,65,5,183,100;0,1,29,-14,245,100;1,0,-51,-15,245,100 
 0.13964509964   0,0,51,-10,186,100;1,0,-50,-16,245,100 
 0.132744789124   0,0,55,-8,188,100;1,0,-51,-16,247,100 
 0.105436086655   0,0,57,-7,188,100;1,0,-51,-15,247,100 
 0.130023002625   0,0,62,-5,185,100;1,0,-50,-15,245,100 
 0.136676073074   0,0,65,-2,185,100;1,0,-50,-15,245,100 
 0.105792999268   0,0,64,-6,183,100;1,0,-50,-17,245,100 
 0.135331869125   0,0,65,-8,185,100;1,0,-50,-15,245,100 
 0.157711029053   0,0,65,-7,182,100;1,0,-50,-15,245,100 
 0.111549139023   0,0,64,-7,180,100;1,0,-51,-16,245,100 
 0.133668899536   0,0,65,-9,184,100;1,0,-50,-16,245,100 
 0.135342121124   0,0,66,-10,186,100;1,0,-51,-16,245,100 
 0.101611852646   0,0,64,-8,181,100;1,0,-50,-16,245,100 
 0.123377084732   0,0,65,5,183,100;1,0,-50,-16,245,100 
 0.128692865372   0,0,64,5,183,100;1,0,-50,-16,245,100 
 0.103178977966   0,0,65,5,183,100;1,0,-197,84,398,100;1,1,-51,-16,247,100 
 0.116577148438   0,0,65,5,183,100;1,0,-52,-16,245,100 
 0.135596990585   0,0,64,5,182,100;1,0,-50,-16,245,100;1,1,-124,-16,236,100 
 0.101800918579   0,0,65,5,184,100;1,0,-51,-16,245,100;1,1,-121,-27,245,100 
 0.113075017929   0,0,65,5,183,100;1,0,-50,-16,245,100;1,1,-121,-26,241,100 
 0.134694099426   0,0,64,5,183,100;1,0,-50,-17,247,100;1,1,-119,-36,245,100 
 0.131136894226   0,0,64,5,183,100;1,0,-51,-16,247,100;1,1,-121,-49,245,100 
 0.14337015152   0,0,64,5,183,100;1,0,-51,-16,247,100;1,1,-129,-32,259,100 
 0.114810943604   0,0,64,5,183,100;1,0,-125,30,253,100;1,1,-50,-15,245,100 
 0.132490873337   0,0,64,5,183,100;1,0,-127,32,265,100;1,1,-50,-16,245,100 
 0.141853094101   0,0,65,5,183,100;1,0,-126,30,263,100;1,1,-49,-16,245,100 
 0.1116938591   0,0,65,5,183,100;1,0,-129,28,265,100;1,1,-50,-16,245,100 
 0.136139154434   0,0,65,5,183,100;1,0,-130,27,272,100;1,1,-50,-16,245,100 
 0.149245977402   0,0,64,5,183,100;1,0,-129,28,267,100;1,1,-50,-15,245,100 
 0.128622055054   0,0,64,5,183,100;1,0,-131,29,272,100;1,1,-50,-15,245,100 
 0.149525880814   0,0,65,5,183,100;1,0,-131,30,274,100;1,1,-50,-16,245,100 
 0.149435997009   0,0,64,5,183,100;1,0,-127,27,265,100;1,1,-50,-15,245,100 
 0.127134084702   0,0,64,5,182,100;1,0,-130,28,272,100;1,1,-50,-16,245,100 
 0.129839897156   0,0,65,5,183,100;1,0,-128,27,269,100;1,1,-51,-16,245,100;1,2,-133,-50,274,100 
 0.13978600502   0,0,65,5,183,100;1,0,-125,27,265,100;1,1,-50,-16,245,100 
 0.114946126938   0,0,64,5,182,100;1,0,-125,28,267,100;1,1,-50,-15,245,100 
 0.14540886879   0,0,63,5,182,100;1,0,-121,27,261,100;1,1,-50,-16,245,100;1,2,-121,-48,251,100 
 0.150333166122   0,0,63,5,182,100;1,0,-118,24,257,100;1,1,-51,-16,245,100;1,2,-116,-49,243,100 
 0.136351823807   0,0,64,5,182,100;1,0,-111,18,247,100;1,1,-51,-16,245,100;1,2,-109,-45,234,100 
 0.155152082443   0,0,65,5,183,100;1,0,-114,7,249,100;1,1,-51,-15,247,100;1,2,-103,-46,233,100 
 0.17937207222   0,0,65,5,183,100;1,0,-110,18,247,100;1,1,-50,-15,245,100;1,2,-102,-44,231,100 
 0.123258829117   0,0,65,5,183,100;1,0,-104,2,236,100;1,1,-50,-16,245,100 
 0.144280195236   0,0,65,5,183,100;1,0,-50,-16,245,100;1,1,-98,-44,226,100 
 0.145247936249   0,0,65,5,183,100;1,0,-50,-15,245,100 
 0.135709047318   0,0,64,5,183,100;1,0,-89,2,210,100;1,1,-50,-15,245,100 
 0.147933006287   0,0,65,5,183,100;1,0,-50,-16,245,100;1,1,-86,-43,197,100 
 0.172751903534   0,0,64,5,183,100;1,0,-51,-16,245,100;1,1,-83,-45,190,100 
 0.134653091431   0,0,65,5,184,100;1,0,-67,-49,201,100 
 0.144286870956   0,0,65,5,184,100;1,0,-63,-48,190,100 
 0.151854991913   0,0,65,5,184,100;1,0,-58,-46,186,100 
 0.118219137192   0,0,64,5,183,100;1,0,-49,-44,165,100 
 0.125722885132   0,0,65,5,183,100;1,0,-46,-44,163,100 
 0.156811952591   0,0,65,5,183,100 
 0.136507034302   0,0,64,5,183,100;1,0,-42,-42,159,100 
 0.143356084824   0,0,65,5,183,100;1,0,-42,-43,157,100 
 0.128649950027   0,0,64,5,183,100;1,0,-42,-40,156,100 
 0.112296104431   0,0,65,5,184,100;1,0,-42,-43,158,100 
 0.141024827957   0,0,65,5,183,100;1,0,-42,-42,156,100 
 0.14516711235   0,0,63,5,182,100;1,0,-43,-43,158,100 
 0.11993098259   0,0,65,5,183,100;1,0,-43,-41,156,100 
 0.138684988022   0,0,65,5,184,100;1,0,-44,-41,157,100 
 0.150726079941   0,0,64,5,183,100;1,0,-45,-44,159,100 
 0.115700006485   0,0,65,5,183,100;1,0,-50,-47,173,100 
 0.129768848419   0,0,63,5,182,100;1,0,-50,-47,170,100 
 0.134299039841   0,0,65,5,184,100;1,0,-55,-43,172,100 
 0.114001989365   0,0,62,4,181,100;1,0,-52,-46,173,100 
 0.128582954407   0,0,65,5,183,100;1,0,-45,-44,174,100 
 0.156509160995   0,0,64,5,183,100;1,0,-34,-45,175,100 
 0.114415884018   0,0,65,5,183,100;1,0,-29,-44,177,100 
 0.133372068405   0,0,62,4,181,100;1,0,-26,-48,179,100 
 0.14306306839   0,0,64,5,182,100;1,0,-25,-49,185,100 
 0.112355947495   0,0,65,5,183,100;1,0,-25,-49,189,100 
 0.1237180233   0,0,65,5,183,100;1,0,-26,-50,202,100 
 0.143765926361   0,0,64,5,183,100;1,0,-25,-51,214,100 
 0.110796928406   0,0,65,5,183,100;1,0,-21,-51,219,100 
 0.121088981628   0,0,65,5,183,100 
 0.132482051849   0,0,64,5,183,100;1,0,-22,-54,228,100 
 0.116378068924   0,0,64,5,183,100 
 0.127191066742   0,0,64,5,183,100 
 0.140077829361   0,0,64,5,183,100;1,0,-50,-16,245,100;1,1,6,-52,219,100 
 0.117410182953   0,0,65,5,183,100;1,0,-49,-16,247,100;1,1,10,-52,220,100 
 0.13433098793   0,0,65,5,183,100;1,0,-51,-15,247,100;1,1,20,-52,222,100 
 0.142749786377   0,0,64,5,182,100;1,0,-50,-15,245,100;1,1,25,-50,223,100 
 0.118955135345   0,0,64,5,183,100;1,0,-50,-16,247,100;1,1,27,-52,228,100 
 0.128160953522   0,0,65,5,183,100;1,0,-51,-16,247,100;1,1,31,-52,231,100 
 0.134467124939   0,0,64,5,182,100;1,0,-50,-16,247,100;1,1,30,-53,236,100 
 0.111763954163   0,0,64,5,182,100;1,0,-50,-16,245,100;1,1,29,-53,241,100 
 0.13511800766   0,0,64,5,182,100;1,0,-50,-15,245,100;1,1,27,-52,245,100 
 0.149031877518   0,0,63,5,182,100;1,0,-51,-15,247,100;1,1,25,-53,253,100 
 0.12621307373   0,0,65,5,183,100;1,0,-50,-16,245,100;1,1,21,-54,265,100 
 0.126821041107   0,0,65,5,183,100;1,0,-51,-16,245,100;1,1,16,-54,272,100 
 0.134165048599   0,0,64,4,183,100;1,0,-51,-16,247,100;1,1,16,-55,276,100 
 0.116612911224   0,0,65,5,183,100;1,0,-49,-16,245,100;1,1,12,-57,284,100 
 0.130815029144   0,0,65,5,183,100;1,0,-50,-16,245,100;1,1,11,-56,289,100 
 0.146014928818   0,0,65,5,183,100;1,0,-50,-16,245,100;1,1,10,-58,291,100 
 0.117233991623   0,0,64,5,183,100;1,0,-50,-15,245,100;1,1,10,-57,299,100 
 0.135108947754   0,0,65,5,183,100;1,0,-51,-15,245,100;1,1,11,-58,308,100 
 0.159096002579   0,0,64,5,183,100;1,0,-50,-15,245,100;1,1,10,-57,317,100 
 0.135815143585   0,0,64,5,183,100;1,0,-50,-16,245,100;1,1,11,-58,323,100 
 0.130880832672   0,0,64,5,183,100;1,0,-50,-15,245,100;1,1,11,-60,323,100 
 0.143804073334   0,0,65,5,183,100;1,0,-50,-16,245,100;1,1,6,-61,330,100 
 0.114509105682   0,0,65,5,183,100;1,0,-50,-16,245,100;1,1,2,-60,337,100 
 0.139053821564   0,0,65,5,183,100;1,0,-51,-15,245,100;1,1,0,-62,340,100 
 0.154628992081   0,0,65,5,183,100;1,0,-50,-16,245,100;1,1,-1,-58,340,100 
 0.123721122742   0,0,65,5,183,100;1,0,-51,-16,245,100;1,1,-4,-63,347,100 
 0.133590936661   0,0,65,5,183,100;1,0,-37,-63,371,100 
 0.151355028152   0,0,65,5,183,100 
 0.108768939972   0,0,65,5,183,100 
 0.134530067444   0,0,65,5,183,100;1,0,-52,-16,247,100;1,1,-11,-62,355,100 
 0.138741970062   0,0,64,5,182,100 
 0.106591939926   0,0,64,5,182,100 
 0.13533115387   0,0,64,5,182,100;1,0,-50,-16,245,100;1,1,-4,-61,347,100 
 0.152436971664   0,0,64,5,183,100;1,0,-50,-15,245,100;1,1,-1,-60,351,100 
 0.121998071671   0,0,65,5,183,100;1,0,-50,-15,245,100;1,1,1,-59,340,100 
 0.14006280899   0,0,65,4,183,100;1,0,-50,-16,245,100;1,1,5,-61,337,100 
 0.151510000229   0,0,64,5,183,100;1,0,-50,-16,245,100;1,1,3,-63,337,100 
 0.12259721756   0,0,65,5,183,100;1,0,-50,-16,245,100;1,1,4,-60,333,100 
 0.139180898666   0,0,63,5,182,100;1,0,-50,-15,245,100;1,1,6,-58,326,100 
 0.148860931396   0,0,65,5,183,100;1,0,-50,-16,245,100;1,1,7,-56,317,100 
 0.124681949615   0,0,64,5,183,100;1,0,-50,-16,245,100;1,1,7,-58,311,100 
 0.136253118515   0,0,65,4,183,100;1,0,-49,-16,245,100;1,1,11,-58,305,100 
 0.134808063507   0,0,64,5,183,100;1,0,-50,-16,245,100;1,1,12,-55,302,100 
 0.114964962006   0,0,65,4,183,100;1,0,-50,-16,245,100;1,1,15,-55,294,100 
 0.118520021439   0,0,64,5,182,100;1,0,-50,-17,245,100;1,1,18,-56,294,100 
 0.129811048508   0,0,64,5,183,100;1,0,-50,-16,245,100;1,1,22,-56,291,100 
 0.111106872559   0,0,63,5,182,100;1,0,-50,-15,245,100;1,1,26,-56,291,100 
 0.129297971725   0,0,65,5,183,100;1,0,-50,-15,245,100;1,1,31,-55,291,100 
 0.133326053619   0,0,65,5,183,100;1,0,-50,-15,245,100;1,1,34,-56,294,100 
 0.108674049377   0,0,64,5,183,100;1,0,-50,-16,245,100;1,1,36,-56,294,100 
 0.127295970917   0,0,64,5,183,100;1,0,-50,-15,245,100;1,1,38,-56,291,100 
 0.14456486702   0,0,65,5,183,100;1,0,-50,-16,247,100;1,1,34,-53,294,100 
 0.114114999771   0,0,65,5,183,100;1,0,-50,-16,245,100;1,1,38,-54,291,100 
 0.135640144348   0,0,63,5,182,100;1,0,-50,-16,245,100;1,1,38,-55,289,100 
 0.140894889832   0,0,65,5,183,100;1,0,-50,-15,245,100;1,1,38,-55,289,100 
 0.133496046066   0,0,64,5,183,100;1,0,-50,-16,245,100;1,1,38,-55,291,100 
 0.137012958527   0,0,65,5,183,100;1,0,-50,-16,245,100;1,1,38,-55,291,100 
 0.145545959473   0,0,65,5,183,100;1,0,-50,-16,245,100;1,1,37,-55,294,100 
 0.160830020905   0,0,65,5,183,100;1,0,-51,-16,245,100;1,1,37,-55,294,100 
 0.128259181976   0,0,63,5,182,100;1,0,-50,-16,245,100;1,1,37,-56,294,100 
 0.144842863083   0,0,64,5,183,100;1,0,-50,-16,247,100;1,1,38,-54,291,100 
 0.124177932739   0,0,65,5,183,100;1,0,-50,-16,245,100;1,1,37,-56,291,100 
 0.136350154877   0,0,65,5,183,100;1,0,-50,-16,245,100;1,1,34,-54,294,100 
 0.14572095871   0,0,64,5,183,100;1,0,-50,-16,245,100;1,1,40,-53,291,100 
 0.129780054092   0,0,65,5,183,100;1,0,-51,-16,247,100;1,1,40,-55,294,100 
 0.136806964874   0,0,65,5,183,100;1,0,-50,-16,245,100;1,1,36,-55,302,100 
 0.158299922943   0,0,64,5,183,100;1,0,-51,-15,245,100;1,1,40,-54,299,100 
 0.15752196312   0,0,65,5,183,100;1,0,-50,-17,245,100;1,1,36,-55,308,100 
 0.112740039825   0,0,65,5,183,100;1,0,-50,-17,245,100;1,1,44,-55,305,100 
 0.143150091171   0,0,64,5,183,100;1,0,-50,-15,245,100;1,1,43,-53,308,100 
 0.115828037262   0,0,65,5,183,100;1,0,-50,-17,245,100;1,1,41,-55,311,100 
 0.143991947174   0,0,64,5,182,100;1,0,-51,-16,245,100;1,1,38,-55,320,100 
 0.141067028046   0,0,65,5,184,100;1,0,-50,-16,245,100;1,1,30,-55,330,100 
 0.111166000366   0,0,65,5,184,100;1,0,-50,-16,245,100;1,1,36,-54,330,100 
 0.125514030457   0,0,65,5,183,100;1,0,-51,-16,245,100;1,1,27,-55,330,100 
 0.134769916534   0,0,65,5,183,100;1,0,-50,-16,245,100;1,1,27,-54,333,100 
 0.110887050629   0,0,65,5,183,100;1,0,-52,-15,247,100;1,1,21,-55,333,100 
 0.128546953201   0,0,65,5,183,100;1,0,-50,-15,247,100;1,1,17,-58,337,100 
 0.135802984238   0,0,64,5,182,100;1,0,-50,-16,245,100;1,1,15,-55,340,100 
 0.116737127304   0,0,65,5,183,100;1,0,-50,-15,245,100;1,1,15,-56,340,100 
 0.139725923538   0,0,65,5,183,100;1,0,-50,-17,245,100;1,1,9,-58,344,100 
 0.153362035751   0,0,65,5,183,100;1,0,-50,-16,245,100;1,1,0,-59,347,100 
 0.124713897705   0,0,65,5,183,100 
 0.142416000366   0,0,64,5,182,100 
 0.153032064438   0,0,64,5,182,100 
 0.120001077652   0,0,65,5,183,100;1,0,-32,-39,253,100 
 0.133296966553   0,0,65,5,183,100;1,0,-40,-41,251,100 
 0.14497590065   0,0,65,5,183,100;1,0,-45,-40,251,100 
 0.114439964294   0,0,65,5,183,100;1,0,-50,-38,247,100 
 0.117717981339   0,0,65,5,183,100;1,0,-50,-37,247,100 
 0.11807012558   0,0,65,5,183,100;1,0,-50,-38,247,100 
 0.110595941544   0,0,65,5,183,100;1,0,-51,-36,245,100 
 0.119844913483   0,0,65,5,183,100;1,0,-54,-16,247,100 
 0.132145166397   0,0,64,5,182,100;1,0,-55,-15,247,100 
 0.102157831192   0,0,65,5,183,100;1,0,-56,-15,247,100 
 0.110602140427   0,0,63,4,182,100;1,0,-58,-16,245,100 
 0.137308835983   0,0,65,5,183,100;1,0,-62,-15,241,100 
 0.102786064148   0,0,65,5,183,100;1,0,-67,-16,241,100 
 0.126430034637   0,0,65,5,183,100;1,0,-49,-15,245,100 
 0.140679121017   0,0,65,5,183,100;1,0,-143,26,375,100;1,1,-50,-17,245,100 
 0.110143899918   0,0,65,5,183,100;1,0,-142,25,359,100;1,1,-50,-16,245,100 
 0.122898101807   0,0,63,5,182,100;1,0,-151,36,359,100;1,1,-50,-16,245,100 
 0.150876998901   0,0,64,5,183,100;1,0,-160,25,359,100;1,1,-50,-16,245,100 
 0.113888978958   0,0,64,5,183,100;1,0,-167,39,351,100;1,1,-50,-16,245,100 
 0.128682851791   0,0,65,5,183,100;1,0,-166,43,344,100;1,1,-50,-16,245,100 
 0.152493000031   0,0,65,5,183,100;1,0,-177,27,363,100;1,1,-51,-16,245,100 
 0.112101078033   0,0,65,5,183,100;1,0,-173,59,330,100;1,1,-50,-16,245,100 
 0.140397071838   0,0,65,5,183,100;1,0,-50,-16,245,100 
 0.144809961319   0,0,63,5,182,100;1,0,-187,9,371,100;1,1,-50,-16,245,100 
 0.130657911301   0,0,63,5,182,100;1,0,-166,-11,337,100;1,1,-50,-16,245,100 
 0.140340089798   0,0,64,5,183,100;1,0,-168,5,337,100;1,1,-50,-16,245,100 
 0.154757022858   0,0,65,5,183,100;1,0,-163,-3,323,100;1,1,-51,-16,245,100 
 0.132104873657   0,0,65,5,183,100;1,0,-166,-11,323,100;1,1,-50,-16,245,100 
 0.125152111053   0,0,65,5,183,100;1,0,-157,-19,314,100;1,1,-50,-16,245,100 
 0.151124954224   0,0,64,5,183,100;1,0,-158,4,317,100;1,1,-50,-16,245,100 
 0.120745897293   0,0,65,5,183,100;1,0,-156,30,326,100;1,1,-50,-15,245,100 
 0.138355016708   0,0,64,5,183,100;1,0,-51,-16,247,100 
 0.156533002853   0,0,65,5,183,100;1,0,-50,-16,247,100 
 0.146280050278   0,0,65,5,183,100;1,0,-147,30,317,100;1,1,-50,-15,245,100 
 0.118817090988   0,0,64,5,183,100;1,0,-50,-16,245,100 
 0.132095813751   0,0,65,5,183,100;1,0,-51,-16,247,100 
 0.138951063156   0,0,64,5,182,100;1,0,-50,-16,245,100 
 0.146978139877   0,0,64,5,183,100;1,0,-51,-16,247,100 
 0.134560823441   0,0,65,4,183,100;1,0,-50,-15,245,100 
 0.113723039627   0,0,65,5,183,100;1,0,-50,-15,247,100 
 0.131973028183   0,0,64,5,183,100;1,0,-50,-16,245,100 
 0.14141702652   0,0,65,5,183,100;1,0,-50,-16,245,100 
 0.110284090042   0,0,65,5,183,100;1,0,-50,-16,245,100 
 0.124121904373   0,0,64,5,183,100;1,0,-50,-15,245,100 
 0.145127058029   0,0,65,5,183,100;1,0,-50,-17,247,100 
 0.12039899826   0,0,65,5,183,100;1,0,-49,-16,245,100 
 0.133194923401   0,0,65,5,183,100;1,0,-49,-16,245,100 
 0.158757925034   0,0,64,4,183,100;1,0,-49,-16,245,100 
 0.127168178558   0,0,65,5,183,100;1,0,-50,-17,245,100 
 0.155875921249   0,0,65,5,183,100;1,0,-50,-16,245,100 
 0.159194946289   0,0,65,5,183,100;1,0,-50,-16,245,100 
 0.126445055008   0,0,64,4,183,100;1,0,-50,-16,245,100;1,1,-138,-52,289,100 
 0.142067909241   0,0,63,5,182,100;1,0,-50,-16,245,100;1,1,-136,-43,284,100 
 0.158032178879   0,0,65,5,183,100;1,0,-50,-16,245,100;1,1,-134,-32,276,100 
 0.128588914871   0,0,65,5,183,100;1,0,-50,-16,245,100;1,1,-134,-33,272,100 
 0.142436027527   0,0,65,5,183,100;1,0,-50,-16,245,100;1,1,-131,-34,272,100 
 0.157240867615   0,0,65,4,183,100;1,0,-50,-16,245,100 
 0.124563217163   0,0,65,5,183,100;1,0,-50,-16,245,100;1,1,-127,-30,261,100 
 0.146423816681   0,0,64,5,183,100;1,0,-50,-16,245,100;1,1,-124,-41,253,100 
 0.134675979614   0,0,65,5,183,100;1,0,-50,-16,245,100;1,1,-121,-50,247,100 
 0.121779203415   0,0,64,5,183,100;1,0,-50,-16,245,100;1,1,-118,-49,243,100 
 0.154911994934   0,0,65,5,183,100;1,0,-50,-16,245,100;1,1,-118,-49,243,100 
 0.164218902588   0,0,65,5,183,100;1,0,-50,-16,245,100;1,1,-116,-50,240,100 
 0.11404800415   0,0,64,5,183,100;1,0,-51,-16,247,100;1,1,-115,-51,240,100 
 0.141772985458   0,0,64,5,183,100;1,0,-50,-16,245,100;1,1,-114,-50,238,100 
 0.142245054245   0,0,64,5,183,100;1,0,-51,-16,247,100;1,1,-113,-53,238,100 
 0.13281583786   0,0,63,5,182,100;1,0,-50,-16,245,100;1,1,-112,-48,236,100 
 0.165816068649   0,0,65,5,183,100;1,0,-50,-16,245,100;1,1,-110,-46,233,100 
 0.171203136444   0,0,65,5,183,100;1,0,-51,-16,247,100;1,1,-112,-50,238,100 
 0.136322975159   0,0,65,5,183,100;1,0,-50,-16,245,100;1,1,-112,-49,238,100 
 0.138574838638   0,0,65,5,183,100;1,0,-50,-16,245,100;1,1,-111,-48,234,100 
 0.199942111969   0,0,65,5,183,100;1,0,-51,-16,245,100;1,1,-113,-49,240,100 
 0.131757974625   0,0,65,4,183,100;1,0,-116,19,249,100;1,1,-51,-16,247,100;1,2,-110,-44,234,100 
 0.156197071075   0,0,65,5,183,100;1,0,-115,10,247,100;1,1,-50,-15,245,100;1,2,-108,-45,229,100 
 0.153743982315   0,0,64,5,182,100;1,0,-115,25,255,100;1,1,-50,-15,245,100;1,2,-112,-45,241,100 
 0.129334926605   0,0,65,5,183,100;1,0,-115,28,255,100;1,1,-49,-16,247,100;1,2,-115,-46,247,100 
 0.135260105133   0,0,65,5,183,100;1,0,-113,20,257,100;1,1,-50,-16,245,100 
 0.146929979324   0,0,64,5,183,100;1,0,-112,20,261,100;1,1,-50,-16,245,100;1,2,-117,-47,255,100 
 0.127322912216   0,0,64,5,183,100;1,0,-114,25,263,100;1,1,-50,-16,245,100 
 0.150152921677   0,0,65,5,183,100;1,0,-113,26,265,100;1,1,-50,-16,245,100 
 0.138147115707   0,0,64,5,183,100;1,0,-113,27,265,100;1,1,-50,-16,245,100 
 0.135539054871   0,0,65,5,183,100;1,0,-114,26,267,100;1,1,-50,-16,245,100 
 0.153359889984   0,0,65,5,183,100;1,0,-113,19,265,100;1,1,-50,-16,245,100 
 0.135877132416   0,0,65,5,183,100;1,0,-112,29,261,100;1,1,-50,-16,245,100 
 0.12730383873   0,0,65,5,183,100;1,0,-109,25,255,100;1,1,-50,-15,245,100 
 0.148878097534   0,0,63,4,181,100;1,0,-108,24,257,100;1,1,-50,-16,245,100 
 0.15109205246   0,0,65,5,183,100;1,0,-106,21,255,100;1,1,-50,-15,245,100;1,2,-109,-47,249,100 
 0.148329019547   0,0,65,5,183,100;1,0,-99,6,247,100;1,1,-50,-16,245,100;1,2,-104,-47,241,100 
 0.171055793762   0,0,65,5,183,100;1,0,-95,18,245,100;1,1,-51,-16,245,100 
 0.173290014267   0,0,65,5,183,100;1,0,-75,-16,255,100;1,1,-94,-47,234,100 
 0.133011102676   0,0,65,5,183,100;1,0,-71,-50,245,100 
 0.13681101799   0,0,65,5,183,100;1,0,-71,-47,245,100 
 0.152539968491   0,0,65,5,183,100;1,0,-72,-46,247,100 
 0.134228944778   0,0,65,5,183,100 
 0.145051956177   0,0,65,5,183,100;1,0,-97,5,249,100;1,1,-50,-16,245,100;1,2,-97,-47,238,100 
 0.16063117981   0,0,65,5,183,100;1,0,-100,5,251,100;1,1,-50,-16,247,100 
 0.175896883011   0,0,65,5,183,100;1,0,-102,17,251,100;1,1,-50,-17,247,100;1,2,-106,-46,241,100 
 0.114081144333   0,0,64,5,182,100;1,0,-109,21,255,100;1,1,-51,-16,247,100;1,2,-115,-47,253,100 
 0.172689914703   0,0,65,5,183,100;1,0,-114,28,251,100;1,1,-49,-16,245,100 
 0.139432907104   0,0,65,5,183,100;1,0,-119,28,253,100;1,1,-50,-17,245,100 
 0.135673046112   0,0,65,5,183,100;1,0,-123,28,251,100;1,1,-50,-15,247,100 
 0.173572063446   0,0,65,5,183,100;1,0,-51,-16,247,100;1,1,-123,-50,253,100 
 0.127361059189   0,0,65,5,183,100;1,0,-51,-16,247,100;1,1,-127,-26,257,100 
 0.144524812698   0,0,64,5,183,100;1,0,-51,-17,247,100 
 0.138944149017   0,0,64,5,183,100;1,0,-50,-16,245,100 
 0.117578029633   0,0,64,5,182,100;1,0,-51,-16,245,100 
 0.119359016418   0,0,65,5,183,100;1,0,-50,-15,245,100 
 0.132804870605   0,0,65,5,183,100;1,0,-51,-19,245,100 
 0.0990989208221   0,0,65,-5,184,100;1,0,-51,-16,245,100 
 0.112782001495   0,0,63,-9,181,100;1,0,-50,-16,245,100 
 0.120984077454   0,0,65,-6,184,100;1,0,-52,-16,245,100 
 0.108570098877   0,0,65,-7,183,100;1,0,-51,-15,245,100 
 0.125394821167   0,0,65,-6,184,100;1,0,-50,-15,245,100 
 0.142360210419   0,0,65,-8,184,100;1,0,-51,-16,247,100 
 0.104457855225   0,0,64,-8,182,100;1,0,-50,-16,245,100 
 0.125146150589   0,0,64,-4,185,100;1,0,-51,-16,245,100 
 0.123829841614   0,0,61,-6,184,100;1,0,-50,-15,247,100 
 0.119168996811   0,0,60,-4,186,100;1,0,-51,-17,247,100 
 0.139676094055   0,0,58,-10,189,100;1,0,-50,-16,245,100 
 0.131464958191   0,0,53,-11,187,100;1,0,-51,-16,247,100 
 0.139163017273   0,0,65,4,183,100;0,1,30,-15,229,100;1,0,-50,-16,245,100 
 0.129296064377   0,0,65,5,184,100;0,1,26,-15,229,100;1,0,-51,-17,245,100 
 0.119087934494   0,0,64,5,183,100;0,1,21,-14,228,100;1,0,-51,-16,247,100 
 0.0958449840546   0,0,64,5,183,100;0,1,14,-10,231,100;1,0,-50,-16,245,100 
 0.144651889801   0,0,64,5,183,100;0,1,10,-7,229,100;1,0,-51,-16,247,100 
 0.135151147842   0,0,65,5,183,100;0,1,1,-11,233,100;1,0,-52,-16,247,100 
 0.117130994797   0,0,63,5,182,100;0,1,0,-11,236,100;1,0,-50,-15,247,100 
 0.129268884659   0,0,64,5,182,100;0,1,-4,-14,240,100;1,0,-50,-16,245,100 
 0.141219139099   0,0,64,5,183,100;0,1,-7,-13,238,100;1,0,-50,-16,245,100 
 0.154728889465   0,0,65,5,183,100;0,1,-8,-10,240,100;1,0,-51,-16,247,100 
 0.121263980865   0,0,63,5,182,100;0,1,-9,-11,238,100;1,0,-51,-17,247,100 
 0.144539117813   0,0,64,5,183,100;0,1,-7,-12,234,100;1,0,-50,-16,245,100 
 0.148176908493   0,0,64,5,183,100;0,1,-7,-11,234,100;1,0,-51,-16,245,100 
 0.111120939255   0,0,64,5,183,100;0,1,-6,-12,233,100;1,0,-51,-16,247,100 
 0.124508142471   0,0,63,5,182,100;0,1,-6,-14,233,100;1,0,-50,-16,245,100 
 0.135207891464   0,0,63,5,182,100;0,1,-4,-15,231,100;1,0,-50,-16,245,100 
 0.116744995117   0,0,64,5,183,100;1,0,-50,-15,245,100 
 0.132297992706   0,0,65,4,183,100;0,1,-1,-11,222,100;1,0,-50,-16,247,100 
 0.144921064377   0,0,65,5,183,100;0,1,-1,-12,210,100;1,0,-50,-16,247,100 
 0.120213985443   0,0,63,5,182,100;0,1,0,-12,217,100;1,0,-50,-16,245,100 
 0.141698122025   0,0,64,5,182,100;0,1,1,-12,214,100;1,0,-50,-16,245,100 
 0.184557914734   0,0,64,5,182,100;0,1,2,-13,209,100;1,0,-50,-15,245,100 
 0.156821012497   0,0,65,5,183,100;0,1,0,-12,202,100;1,0,-50,-16,245,100 
 0.138037919998   0,0,64,4,182,100;0,1,-7,-13,193,100;1,0,-51,-16,245,100 
 0.138856172562   0,0,64,5,183,100;0,1,-10,-15,186,100;1,0,-51,-16,247,100 
 0.117784976959   0,0,63,5,182,100;0,1,-12,-16,176,100;1,0,-50,-16,245,100 
 0.162532806396   0,0,64,5,182,100;0,1,-13,-17,171,100;1,0,-50,-16,247,100 
 0.166450023651   0,0,64,5,182,100;0,1,-10,-16,160,100;1,0,-50,-16,245,100 
 0.134361028671   0,0,65,4,183,100;0,1,-5,-16,152,100;1,0,-50,-16,245,100 
 0.131906032562   0,0,64,5,182,100;0,1,-1,-17,144,100;1,0,-51,-16,245,100 
 0.135316133499   0,0,64,5,182,100;0,1,0,-17,131,100;1,0,-50,-16,245,100 
 0.116179943085   0,0,65,5,183,100;0,1,1,-16,126,100;1,0,-51,-16,245,100 
 0.1410779953   0,0,65,5,183,100;0,1,0,-16,128,100;1,0,-51,-15,247,100 
 0.151591062546   0,0,64,5,182,100;0,1,-1,-16,129,100;1,0,-51,-16,245,100 
 0.140621900558   0,0,64,4,182,100;0,1,-3,-17,127,100;1,0,-50,-15,247,100 
 0.132682085037   0,0,64,5,182,100;0,1,-4,-16,126,100;1,0,-50,-15,245,100 
 0.134038925171   0,0,64,5,182,100;0,1,-7,-16,128,100;1,0,-51,-16,247,100 
 0.115714073181   0,0,64,5,182,100;0,1,-10,-16,131,100;1,0,-51,-17,247,100 
 0.16067481041   0,0,64,5,182,100;0,1,-15,-16,137,100;1,0,-49,-17,245,100 
 0.140603065491   0,0,64,5,182,100;0,1,-18,-15,141,100;1,0,-51,-16,247,100 
 0.113687038422   0,0,64,5,182,100;0,1,-19,-15,144,100;1,0,-50,-16,245,100 
 0.140882968903   0,0,64,5,182,100;0,1,-21,-14,151,100;1,0,-50,-15,245,100 
 0.135071992874   0,0,64,5,182,100;0,1,-23,-12,153,100;1,0,-50,-15,247,100 
 0.11101603508   0,0,64,5,182,100;0,1,-25,-9,156,100;1,0,-50,-16,245,100 
 0.169713973999   0,0,64,5,182,100;0,1,-28,-8,161,100;1,0,-51,-16,247,100 
 0.142914056778   0,0,64,5,182,100;0,1,-33,-9,167,100;1,0,-51,-16,245,100 
 0.122024059296   0,0,64,5,182,100;0,1,-39,-7,173,100;1,0,-50,-16,245,100 
 0.14075088501   0,0,63,5,182,100;0,1,-44,-5,179,100;1,0,-50,-16,247,100 
 0.146433115005   0,0,64,5,182,100;0,1,-47,-5,184,100;1,0,-51,-16,245,100 
 0.115224838257   0,0,64,5,182,100;0,1,-50,-13,187,100;1,0,-51,-16,247,100 
 0.138050079346   0,0,64,5,182,100;0,1,-52,-12,193,100;1,0,-50,-16,245,100 
 0.138731956482   0,0,64,5,182,100;0,1,-52,-12,200,100;1,0,-50,-16,245,100 
 0.11221408844   0,0,63,5,182,100;0,1,-52,-12,210,100;1,0,-50,-16,245,100 
 0.134407043457   0,0,64,5,182,100;0,1,-53,-13,216,100;1,0,-50,-16,245,100 
 0.138804912567   0,0,65,5,183,100;0,1,-53,-14,220,100;1,0,-50,-16,245,100 
 0.107887983322   0,0,65,4,182,100;0,1,-53,-11,222,100;1,0,-50,-15,245,100 
 0.13501906395   0,0,64,5,182,100;0,1,-56,-13,223,100;1,0,-50,-16,247,100 
 0.144282817841   0,0,65,5,182,100;0,1,-56,-11,223,100;1,0,-50,-16,245,100 
 0.121171236038   0,0,64,5,182,100;0,1,-57,-10,223,100;1,0,-50,-16,245,100 
 0.137755870819   0,0,64,5,182,100;0,1,-57,-12,223,100;1,0,-51,-16,247,100 
 0.167004108429   0,0,64,5,182,100;0,1,-58,-9,222,100;1,0,-50,-17,247,100 
 0.125165939331   0,0,64,5,182,100;0,1,-58,-11,222,100;1,0,-51,-16,247,100 
 0.14910697937   0,0,64,5,182,100;0,1,-58,-12,220,100;1,0,-50,-16,245,100 
 0.159451007843   0,0,64,5,182,100;0,1,-57,-13,222,100;1,0,-50,-16,245,100 
 0.123454093933   0,0,65,5,182,100;0,1,-58,-14,222,100;1,0,-50,-16,245,100 
 0.139783859253   0,0,64,5,182,100;0,1,-58,-14,219,100;1,0,-50,-16,245,100 
 0.152606964111   0,0,64,5,182,100;0,1,-57,-14,217,100;1,0,-51,-16,245,100 
 0.129395008087   0,0,64,5,182,100;0,1,-58,-13,219,100;1,0,-50,-15,245,100 
 0.16691493988   0,0,64,5,182,100;0,1,-57,-14,217,100;1,0,-50,-16,245,100 
 0.161657094955   0,0,64,5,182,100;0,1,-57,-14,216,100;1,0,-51,-16,247,100 
 0.115977048874   0,0,64,5,182,100;0,1,-57,-14,217,100;1,0,-51,-16,247,100 
 0.13969707489   0,0,64,5,182,100;0,1,-57,-13,216,100;1,0,-51,-16,247,100 
 0.158626794815   0,0,64,5,182,100;0,1,-57,-11,214,100;1,0,-50,-15,245,100 
 0.115231990814   0,0,64,5,182,100;0,1,-57,-12,219,100;1,0,-50,-15,245,100 
 0.139612197876   0,0,64,5,182,100;0,1,-57,-13,217,100;1,0,-51,-16,245,100 
 0.169708967209   0,0,64,5,182,100;0,1,-57,-13,217,100;1,0,-50,-16,245,100 
 0.136453866959   0,0,64,5,182,100;0,1,-57,-13,217,100;1,0,-51,-16,247,100 
 0.141745090485   0,0,63,5,182,100;0,1,-57,-8,219,100;1,0,-50,-16,245,100 
 0.147964954376   0,0,64,5,182,100;0,1,-56,-12,219,100;1,0,-50,-16,245,100 
 0.113547086716   0,0,64,5,182,100;0,1,-56,-7,219,100;1,0,-51,-16,245,100 
 0.137794971466   0,0,64,5,182,100;0,1,-57,-6,220,100;1,0,-51,-16,245,100 
 0.152104854584   0,0,64,4,182,100;0,1,-57,-7,219,100;1,0,-50,-17,245,100 
 0.127415180206   0,0,64,5,182,100;0,1,-56,-6,220,100;1,0,-50,-17,247,100 
 0.142670869827   0,0,64,5,182,100;0,1,-56,-11,219,100;1,0,-50,-16,245,100 
 0.14395403862   0,0,64,5,182,100;0,1,-56,-12,219,100;1,0,-50,-16,247,100 
 0.13091802597   0,0,64,5,182,100;0,1,-56,-11,217,100;1,0,-50,-16,245,100 
 0.166713953018   0,0,64,5,182,100;0,1,-56,-6,219,100;1,0,-50,-16,245,100 
 0.149436950684   0,0,64,5,182,100;0,1,-55,-10,217,100;1,0,-50,-16,245,100 
 0.121647119522   0,0,63,5,182,100;0,1,-56,-13,217,100;1,0,-50,-16,245,100 
 0.135727882385   0,0,64,5,182,100;0,1,-56,-14,217,100;1,0,-51,-15,247,100 
 0.143967151642   0,0,64,5,182,100;0,1,-57,-15,217,100;1,0,-50,-16,245,100 
 0.113263845444   0,0,64,5,182,100;0,1,-56,-14,217,100;1,0,-50,-16,245,100 
 0.146254062653   0,0,64,5,182,100;0,1,-56,-14,219,100;1,0,-50,-16,245,100 
 0.166031122208   0,0,64,5,182,100;0,1,-57,-16,219,100;1,0,-51,-16,245,100 
 0.139660835266   0,0,64,5,182,100;0,1,-58,-15,219,100;1,0,-50,-16,247,100 
 0.154393196106   0,0,64,5,182,100;0,1,-58,-16,216,100;1,0,-51,-17,247,100 
 0.150103807449   0,0,64,5,182,100;0,1,-59,-16,213,100;1,0,-50,-16,245,100 
 0.120784044266   0,0,64,5,182,100;0,1,-59,-14,210,100;1,0,-51,-15,247,100 
 0.133821964264   0,0,64,5,182,100;0,1,-60,-14,209,100;1,0,-51,-15,245,100 
 0.138580083847   0,0,64,5,182,100;0,1,-59,-14,209,100;1,0,-51,-15,247,100 
 0.117881059647   0,0,64,5,182,100;0,1,-61,-12,213,100;1,0,-50,-15,245,100 
 0.13302898407   0,0,64,5,182,100;0,1,-64,-13,217,100;1,0,-51,-16,245,100 
 0.144669055939   0,0,64,5,182,100;0,1,-63,-13,220,100;1,0,-50,-15,245,100 
 0.117476940155   0,0,64,5,182,100;0,1,-64,-14,228,100;1,0,-51,-16,247,100 
 0.129999876022   0,0,64,5,182,100;0,1,-61,-13,234,100;1,0,-50,-16,245,100 
 0.163984060287   0,0,64,5,182,100;0,1,-58,-12,234,100;1,0,-51,-16,245,100 
 0.145992040634   0,0,64,5,182,100;0,1,-56,-11,236,100;1,0,-50,-16,245,100 
 0.104881048203   0,0,64,5,182,100;0,1,-53,-10,238,100;1,0,-51,-16,247,100 
 0.164368867874   0,0,64,5,182,100;0,1,-51,-10,236,100;1,0,-51,-15,245,100 
 0.119523048401   0,0,64,5,182,100;0,1,-47,-13,234,100;1,0,-51,-17,247,100 
 0.145284891129   0,0,64,5,182,100;0,1,-45,-12,233,100;1,0,-50,-15,245,100 
 0.144985198975   0,0,64,5,182,100;0,1,-44,-12,233,100;1,0,-50,-15,245,100 
 0.121209859848   0,0,64,5,182,100;0,1,-43,-11,233,100;1,0,-50,-15,245,100 
 0.140263080597   0,0,65,5,183,100;0,1,-43,-13,233,100;1,0,-51,-16,247,100 
 0.149564981461   0,0,64,5,182,100;0,1,-41,-14,233,100;1,0,-50,-15,247,100 
 0.127650976181   0,0,64,5,182,100;0,1,-43,-13,233,100;1,0,-50,-15,245,100 
 0.129152059555   0,0,64,5,182,100;0,1,-43,-12,231,100;1,0,-50,-15,245,100 
 0.150660037994   0,0,64,4,182,100;0,1,-42,-14,234,100;1,0,-50,-15,245,100 
 0.127750873566   0,0,64,5,182,100;0,1,-43,-12,233,100;1,0,-50,-16,247,100 
 0.13156914711   0,0,64,5,182,100;0,1,-43,-12,233,100;1,0,-51,-16,245,100 
 0.154058933258   0,0,63,5,182,100;0,1,-44,-13,234,100;1,0,-50,-15,245,100 
 0.136981964111   0,0,63,5,182,100;0,1,-44,-14,236,100;1,0,-51,-15,245,100 
 0.13566493988   0,0,64,5,182,100;0,1,-42,-12,234,100;1,0,-50,-16,245,100 
 0.149121046066   0,0,64,5,182,100;0,1,-40,-12,228,100;1,0,-51,-16,247,100 
 0.126890897751   0,0,64,4,182,100;0,1,-38,-11,223,100;1,0,-51,-16,245,100 
 0.134265184402   0,0,64,5,182,100;0,1,-36,-12,226,100;1,0,-50,-16,245,100 
 0.131420850754   0,0,64,5,182,100;0,1,-37,-12,234,100;1,0,-50,-16,245,100 
 0.105084180832   0,0,65,5,183,100;0,1,-36,-11,233,100;1,0,-51,-16,245,100 
 0.137385845184   0,0,64,5,182,100;0,1,-37,-11,231,100;1,0,-50,-16,247,100 
 0.132357120514   0,0,65,5,183,100;0,1,-35,-12,229,100;1,0,-51,-15,247,100 
 0.118834972382   0,0,65,5,183,100;0,1,-37,-12,228,100;1,0,-51,-16,247,100 
 0.138113975525   0,0,64,5,182,100;0,1,-38,-10,223,100;1,0,-51,-15,247,100 
 0.132400989532   0,0,65,5,183,100;0,1,-43,-10,219,100;1,0,-52,-15,245,100 
 0.115510940552   0,0,64,5,182,100;0,1,-44,-10,213,100;1,0,-49,-16,245,100 
 0.118972063065   0,0,64,5,182,100;0,1,-50,-11,205,100;1,0,-50,-16,247,100 
 0.134344100952   0,0,64,5,182,100;0,1,-56,-14,199,100;1,0,-50,-16,247,100 
 0.119265794754   0,0,65,5,183,100;0,1,-61,-15,195,100;1,0,-51,-16,245,100 
 0.130028009415   0,0,64,5,182,100;0,1,-63,-15,189,100;1,0,-51,-16,247,100 
 0.166561126709   0,0,64,5,182,100;0,1,-63,-14,181,100;1,0,-51,-16,247,100 
 0.145592927933   0,0,65,5,183,100;0,1,-62,-14,173,100;1,0,-50,-16,245,100 
 0.142486095428   0,0,64,5,182,100;0,1,-62,-13,163,100;1,0,-51,-16,247,100 
 0.148939847946   0,0,64,5,182,100;0,1,-54,-14,144,100;1,0,-50,-16,247,100 
 0.126339197159   0,0,64,5,182,100;0,1,-52,-14,133,100;1,0,-50,-16,247,100 
 0.14577293396   0,0,64,5,182,100;0,1,-50,-15,129,100;0,2,-56,-6,133,100;1,0,-50,-16,247,100 
 0.167904853821   0,0,64,5,182,100;0,1,-48,-15,126,100;1,0,-50,-16,245,100 
 0.140155076981   0,0,64,5,182,100;0,1,-46,-14,123,100;1,0,-50,-16,247,100 
 0.158456087112   0,0,64,5,182,100;0,1,-46,-4,121,100;1,0,-50,-16,247,100 
 0.173461914062   0,0,64,5,182,100;0,1,-50,-13,124,100;1,0,-51,-16,247,100 
 0.126044034958   0,0,64,5,182,100;0,1,-48,-14,127,100;1,0,-50,-16,245,100 
 0.16247010231   0,0,64,5,182,100;0,1,-48,-14,133,100;1,0,-50,-16,245,100 
 0.159244775772   0,0,64,5,182,100;0,1,-52,-14,138,100;1,0,-50,-16,245,100 
 0.134090185165   0,0,64,5,182,100;0,1,-49,-14,143,100;1,0,-51,-15,245,100 
 0.155740022659   0,0,64,5,182,100;0,1,-53,-12,151,100;1,0,-50,-15,247,100 
 0.162842988968   0,0,64,5,182,100;0,1,-52,-14,154,100;1,0,-50,-16,245,100 
 0.126037836075   0,0,65,5,183,100;0,1,-50,-13,160,100;1,0,-51,-16,247,100 
 0.139809131622   0,0,64,5,182,100;0,1,-48,-13,169,100;1,0,-50,-15,245,100 
 0.15932393074   0,0,64,5,182,100;0,1,-46,-12,170,100;1,0,-49,-16,245,100 
 0.118830919266   0,0,64,5,182,100;0,1,-42,-11,173,100;1,0,-51,-17,247,100 
 0.144800186157   0,0,64,5,182,100;0,1,-37,-13,169,100;1,0,-50,-16,245,100 
 0.146782875061   0,0,64,5,182,100;0,1,-34,-15,169,100;1,0,-51,-16,247,100 
 0.119743108749   0,0,64,5,182,100;0,1,-31,-14,170,100;1,0,-50,-15,245,100 
 0.14074587822   0,0,64,5,182,100;0,1,-31,-14,172,100;1,0,-50,-15,245,100 
 0.156345129013   0,0,63,5,182,100;0,1,-31,-14,172,100;1,0,-50,-16,245,100 
 0.123692989349   0,0,64,5,182,100;0,1,-32,-14,172,100;1,0,-53,-15,249,100 
 0.159134864807   0,0,63,5,182,100;0,1,-33,-13,173,100;1,0,-50,-16,247,100 
 0.166455984116   0,0,64,5,182,100;0,1,-35,-14,174,100;1,0,-50,-15,245,100 
 0.113507986069   0,0,63,4,181,100;0,1,-36,-13,174,100;1,0,-50,-15,247,100 
 0.155164003372   0,0,64,5,182,100;0,1,-37,-13,175,100;1,0,-50,-15,245,100 
 0.151905059814   0,0,64,5,182,100;0,1,-37,-13,176,100;1,0,-49,-16,245,100 
 0.136450052261   0,0,64,5,182,100;0,1,-37,-13,176,100;1,0,-50,-16,247,100 
 0.135138988495   0,0,64,5,182,100;0,1,-37,-13,178,100;1,0,-50,-16,247,100 
 0.153284072876   0,0,64,5,182,100;0,1,-38,-12,178,100;1,0,-50,-15,245,100 
 0.164667844772   0,0,63,5,182,100;0,1,-38,-14,178,100;1,0,-50,-16,245,100 
 0.136028051376   0,0,63,5,182,100;0,1,-38,-14,179,100;1,0,-49,-16,245,100 
 0.152198076248   0,0,64,5,182,100;0,1,-38,-13,179,100;1,0,-51,-15,247,100 
 0.124165058136   0,0,64,5,182,100;0,1,-38,-13,179,100;1,0,-51,-16,247,100 
 0.149714946747   0,0,64,5,182,100;0,1,-37,-13,181,100;1,0,-50,-15,245,100 
 0.159330844879   0,0,64,5,182,100;0,1,-37,-13,180,100;1,0,-49,-16,245,100 
 0.126717090607   0,0,64,5,182,100;0,1,-38,-13,179,100;1,0,-50,-16,245,100 
 0.140634059906   0,0,64,5,182,100;0,1,-37,-13,180,100;1,0,-52,-15,247,100 
 0.153766870499   0,0,64,5,182,100;0,1,-38,-13,180,100;1,0,-50,-14,245,100 
 0.114897012711   0,0,64,5,182,100;0,1,-38,-13,180,100;1,0,-50,-17,245,100 
 0.141644001007   0,0,64,5,182,100;0,1,-38,-12,180,100;1,0,-51,-15,247,100 
 0.167333126068   0,0,64,5,182,100;0,1,-38,-12,181,100;1,0,-51,-17,247,100 
 0.14079284668   0,0,64,5,182,100;0,1,-38,-12,180,100;1,0,-49,-15,245,100 
 0.148615121841   0,0,64,5,182,100;0,1,-38,-13,181,100;1,0,-51,-16,245,100 
 0.126632928848   0,0,64,5,182,100;0,1,-38,-12,181,100;1,0,-51,-16,247,100 
 0.143938064575   0,0,64,5,182,100;0,1,-38,-13,180,100;1,0,-50,-15,245,100 
 0.140659093857   0,0,64,5,182,100;0,1,-37,-13,180,100;1,0,-50,-15,245,100 
 0.139707803726   0,0,64,5,182,100;0,1,-38,-13,180,100;1,0,-50,-15,245,100 
 0.115118980408   0,0,64,5,182,100;0,1,-38,-12,179,100;1,0,-50,-17,247,100 
 0.129563093185   0,0,64,5,182,100;0,1,-40,-13,179,100;1,0,-50,-15,245,100 
 0.149313926697   0,0,64,5,182,100;0,1,-43,-12,182,100;1,0,-51,-16,245,100 
 0.102277040482   0,0,64,5,182,100;0,1,-45,-12,183,100;1,0,-49,-16,245,100 
 0.133432149887   0,0,64,5,182,100;0,1,-48,-11,186,100;1,0,-50,-15,245,100 
 0.153367996216   0,0,64,5,182,100;0,1,-52,-12,193,100;1,0,-51,-17,247,100 
 0.122270822525   0,0,64,5,182,100;0,1,-54,-11,194,100;1,0,-51,-15,245,100 
 0.14361000061   0,0,64,5,182,100;0,1,-54,-10,190,100;1,0,-49,-15,245,100 
 0.163068056107   0,0,63,5,182,100;0,1,-53,-10,185,100;1,0,-51,-15,245,100 
 0.134373903275   0,0,64,5,182,100;0,1,-51,-11,175,100;1,0,-50,-15,245,100 
 0.139970064163   0,0,64,5,182,100;0,1,-46,-12,162,100;1,0,-50,-16,245,100 
 0.139533996582   0,0,64,5,182,100;0,1,-43,-12,154,100;1,0,-50,-16,245,100 
 0.11435508728   0,0,64,5,182,100;0,1,-38,-13,148,100;1,0,-50,-15,245,100 
 0.145060062408   0,0,64,5,182,100;0,1,-36,-14,145,100;1,0,-51,-16,247,100 
 0.14195394516   0,0,64,5,182,100;0,1,-38,-15,153,100;1,0,-51,-17,247,100 
 0.138788938522   0,0,64,5,182,100;0,1,-38,-15,150,100;1,0,-50,-16,247,100 
 0.146003007889   0,0,64,5,182,100;0,1,-36,-13,146,100;1,0,-51,-16,245,100 
 0.15372800827   0,0,64,5,182,100;0,1,-38,-13,146,100;1,0,-50,-16,245,100 
 0.145719051361   0,0,64,5,182,100;0,1,-40,-14,141,100;1,0,-50,-16,245,100 
 0.154501914978   0,0,64,5,182,100;0,1,-45,-15,136,100;1,0,-51,-15,247,100 
 0.162009000778   0,0,64,5,182,100;0,1,-45,-15,129,100;1,0,-50,-15,245,100 
 0.12526011467   0,0,64,5,182,100;0,1,-42,-17,122,100;1,0,-51,-16,247,100 
 0.145185947418   0,0,64,5,182,100;0,1,-41,-19,114,100;1,0,-51,-16,247,100 
 0.159491062164   0,0,63,5,182,100;0,1,-40,-20,110,100;1,0,-51,-15,245,100 
 0.148262023926   0,0,64,5,182,100;0,1,-39,-21,107,100;1,0,-50,-16,247,100 
 0.169826984406   0,0,64,5,182,100;0,1,-38,-21,105,100;1,0,-51,-15,247,100 
 0.168877840042   0,0,64,5,182,100;0,1,-38,-22,103,100;1,0,-50,-15,245,100 
 0.147357940674   0,0,64,5,182,100;0,1,-37,-22,102,100;1,0,-51,-16,247,100 
 0.15304017067   0,0,64,5,182,100;0,1,-36,-21,99,100;1,0,-51,-15,245,100 
 0.165035963058   0,0,64,5,182,100;0,1,-36,-21,100,100;1,0,-50,-16,245,100 
 0.129844903946   0,0,64,5,182,100;0,1,-36,-20,100,100;1,0,-50,-15,245,100 
 0.162773132324   0,0,64,5,182,100;0,1,-37,-19,105,100;1,0,-50,-16,245,100 
 0.171674013138   0,0,64,5,182,100;0,1,-37,-19,110,100;1,0,-50,-16,245,100 
 0.147495985031   0,0,64,5,182,100;0,1,-38,-18,120,100;1,0,-49,-16,245,100 
 0.133724927902   0,0,64,5,182,100;0,1,-39,-16,129,100;1,0,-51,-15,247,100 
 0.131022930145   0,0,64,5,182,100;0,1,-37,-16,135,100;1,0,-50,-16,245,100 
 0.113135099411   0,0,64,5,182,100;0,1,-33,-17,141,100;1,0,-50,-16,247,100 
 0.130417108536   0,0,64,5,182,100;0,1,-30,-17,145,100;1,0,-51,-17,247,100 
 0.135307788849   0,0,63,5,182,100;0,1,-27,-16,138,100;1,0,-50,-16,245,100 
 0.113493204117   0,0,64,5,182,100;0,1,-27,-15,141,100;1,0,-51,-15,245,100 
 0.130393981934   0,0,64,5,182,100;0,1,-31,-16,148,100;1,0,-50,-16,245,100 
 0.152405977249   0,0,64,5,182,100;0,1,-32,-15,147,100;1,0,-51,-16,245,100 
 0.13823890686   0,0,64,5,182,100;0,1,-36,-16,151,100;1,0,-51,-16,245,100 
 0.140340089798   0,0,64,5,182,100;0,1,-38,-15,154,100;1,0,-50,-15,245,100 
 0.146992921829   0,0,65,5,182,100;0,1,-40,-15,155,100;1,0,-51,-15,247,100 
 0.121627092361   0,0,64,5,182,100;0,1,-40,-15,154,100;1,0,-50,-15,247,100 
 0.169938802719   0,0,64,5,182,100;0,1,-41,-15,153,100;1,0,-49,-16,245,100 
 0.14878821373   0,0,64,5,182,100;0,1,-41,-15,152,100;1,0,-50,-15,245,100 
 0.13535284996   0,0,64,5,182,100;0,1,-38,-15,151,100;1,0,-50,-15,245,100 
 0.151062965393   0,0,64,5,182,100;0,1,-38,-15,151,100;1,0,-50,-16,245,100 
 0.158802032471   0,0,62,4,181,100;0,1,-38,-16,151,100;1,0,-50,-15,245,100 
 0.127751111984   0,0,64,5,182,100;0,1,-36,-15,151,100;1,0,-50,-15,245,100 
 0.148540019989   0,0,64,5,182,100;0,1,-35,-15,151,100;1,0,-50,-16,245,100 
 0.152290821075   0,0,64,5,182,100;0,1,-35,-16,151,100;1,0,-51,-15,247,100 
 0.119427204132   0,0,64,5,182,100;0,1,-35,-15,151,100;1,0,-50,-16,245,100 
 0.14591884613   0,0,64,5,182,100;0,1,-35,-15,151,100;1,0,-50,-16,245,100 
 0.139104127884   0,0,64,5,182,100;0,1,-35,-15,151,100;1,0,-50,-16,245,100 
 0.114502906799   0,0,64,5,182,100;0,1,-35,-15,152,100;1,0,-50,-15,245,100 
 0.138046979904   0,0,64,5,182,100;0,1,-35,-15,153,100;1,0,-50,-15,245,100 
 0.153064012527   0,0,64,5,182,100;0,1,-34,-16,152,100;1,0,-50,-16,245,100 
 0.127711057663   0,0,64,5,182,100;0,1,-35,-13,152,100;1,0,-51,-16,245,100 
 0.139494895935   0,0,64,5,182,100;0,1,-34,-15,152,100;1,0,-50,-15,245,100 
 0.157193183899   0,0,64,5,182,100;0,1,-34,-14,152,100;1,0,-51,-16,247,100 
 0.13459777832   0,0,64,5,182,100;0,1,-34,-13,153,100;1,0,-51,-16,245,100 
 0.1261241436   0,0,64,5,182,100;0,1,-34,-15,153,100;1,0,-50,-15,245,100 
 0.14026093483   0,0,64,5,182,100;0,1,-34,-15,153,100;1,0,-50,-15,245,100 
 0.110402107239   0,0,64,5,182,100;0,1,-34,-16,153,100;1,0,-52,-16,247,100 
 0.128875017166   0,0,64,5,182,100;0,1,-34,-16,153,100;1,0,-51,-15,245,100 
 0.140276908875   0,0,64,5,182,100;0,1,-34,-16,154,100;1,0,-50,-16,247,100 
 0.109469890594   0,0,64,5,182,100;0,1,-34,-15,154,100;1,0,-51,-15,245,100 
 0.144890069962   0,0,64,5,182,100;0,1,-34,-15,154,100;1,0,-51,-16,245,100 
 0.147825956345   0,0,64,5,182,100;0,1,-34,-14,154,100;1,0,-51,-16,245,100 
 0.129050016403   0,0,64,5,182,100;0,1,-34,-14,154,100;1,0,-51,-16,247,100 
 0.148430109024   0,0,64,5,182,100;0,1,-33,-14,154,100;1,0,-50,-15,245,100 
 0.120004892349   0,0,64,5,182,100;0,1,-34,-15,154,100;1,0,-50,-15,245,100 
 0.134574174881   0,0,63,5,182,100;0,1,-37,-14,158,100;1,0,-51,-16,247,100 
 0.146295785904   0,0,63,5,182,100;0,1,-38,-13,163,100;1,0,-50,-16,245,100 
 0.12713599205   0,0,64,5,182,100;0,1,-40,-14,170,100;1,0,-50,-16,245,100 
 0.136172056198   0,0,64,5,182,100;0,1,-40,-13,177,100;1,0,-51,-16,247,100 
 0.140575170517   0,0,64,5,182,100;0,1,-45,-14,186,100;1,0,-50,-15,245,100 
 0.145691871643   0,0,63,5,182,100;0,1,-50,-11,190,100;1,0,-50,-15,245,100 
 0.123762130737   0,0,64,5,182,100;0,1,-60,-8,197,100;1,0,-50,-15,245,100 
 0.135377883911   0,0,64,5,182,100;0,1,-73,-10,210,100;1,0,-50,-15,245,100 
 0.145387887955   0,0,64,5,182,100;0,1,-82,-2,220,100;1,0,-50,-16,245,100 
 0.105161190033   0,0,64,4,181,100;0,1,-91,-4,228,100;1,0,-50,-16,245,100 
 0.137221813202   0,0,64,5,182,100;0,1,-99,-6,236,100;1,0,-51,-15,247,100 
 0.147918224335   0,0,64,5,182,100;0,1,-107,-5,245,100;1,0,-50,-15,245,100 
 0.117897987366   0,0,64,5,182,100;0,1,-118,-2,263,100;1,0,-52,-15,247,100 
 0.135571956635   0,0,64,5,182,100;0,1,-130,-8,281,100;1,0,-51,-15,247,100 
 0.153156995773   0,0,64,5,182,100;0,1,-137,-8,291,100;1,0,-49,-16,245,100 
 0.130486965179   0,0,65,5,182,100;0,1,-147,-7,305,100;1,0,-50,-17,245,100 
 0.129113912582   0,0,64,5,182,100;0,1,-160,-3,323,100;1,0,-51,-15,247,100 
 0.150782108307   0,0,64,5,182,100;0,1,-170,0,337,100;1,0,-50,-16,245,100 
 0.118138074875   0,0,64,5,182,100;0,1,-181,2,355,100;1,0,-50,-16,245,100 
 0.146751880646   0,0,63,5,182,100;0,1,-184,3,359,100;1,0,-51,-16,247,100 
 0.1401450634   0,0,64,5,182,100;0,1,-192,3,371,100;1,0,-51,-16,247,100 
 0.117609024048   0,0,-211,17,394,100;0,1,64,5,182,100;1,0,-51,-15,247,100 
 0.132093906403   0,0,64,5,182,100;1,0,-51,-15,247,100 
 0.133985042572   0,0,64,5,182,100;1,0,-51,-16,247,100 
 0.109668016434   0,0,64,5,182,100;1,0,-51,-14,247,100 
 0.125885009766   0,0,64,5,182,100;1,0,-50,-16,245,100 
 0.141613960266   0,0,64,5,182,100;1,0,-50,-15,247,100 
 0.10062289238   0,0,64,5,182,100;1,0,-50,-16,245,100 
 0.118231058121   0,0,64,5,182,100;1,0,-51,-16,247,100 
 0.119701147079   0,0,64,5,182,100;1,0,-50,-15,247,100 
 0.0986149311066   0,0,63,5,182,100;1,0,-50,-15,245,100 
 0.123795032501   0,0,64,5,182,100;1,0,-50,-16,245,100 
 0.126601934433   0,0,64,5,182,100;1,0,-50,-15,247,100 
 0.0999319553375   0,0,64,5,182,100;1,0,-50,-16,245,100 
 0.132384061813   0,0,64,5,182,100;1,0,-50,-15,245,100 
 0.142163038254   0,0,64,5,182,100;1,0,-50,-15,245,100 
 0.102952957153   0,0,64,5,182,100;1,0,-50,-15,245,100 
 0.122345924377   0,0,64,5,182,100;1,0,-50,-15,247,100 
 0.124845981598   0,0,64,5,182,100;1,0,-50,-15,245,100 
 0.107656955719   0,0,64,5,182,100;1,0,-50,-15,247,100 
 0.121917009354   0,0,64,5,182,100;1,0,-51,-15,245,100 
 0.132795095444   0,0,64,5,182,100;1,0,-51,-14,247,100 
 0.102962017059   0,0,64,5,182,100;1,0,-50,-16,247,100 
 0.117404937744   0,0,64,5,182,100;1,0,-49,-15,245,100 
 0.117877006531   0,0,64,5,182,100;1,0,-50,-15,247,100 
 0.105704069138   0,0,63,5,182,100;1,0,-51,-17,245,100 
 0.117017030716   0,0,65,5,183,100;1,0,-50,-15,247,100 
 0.116600036621   0,0,65,5,183,100;1,0,-50,-15,245,100 
 0.0966908931732   0,0,65,5,183,100;1,0,-50,-16,247,100 
 0.119976997375   0,0,65,5,183,100;1,0,-50,-16,245,100 
 0.119390964508   0,0,65,5,183,100;1,0,-51,-15,247,100 
 0.099328994751   0,0,64,5,182,100;1,0,-51,-16,245,100 
 0.128013134003   0,0,65,5,183,100;1,0,-50,-16,245,100 
 0.141896009445   0,0,64,5,182,100;1,0,-51,-15,247,100 
 0.101542949677   0,0,64,5,183,100;1,0,-51,-15,247,100 
 0.125356912613   0,0,64,5,182,100;1,0,-51,-14,245,100 
 0.141870975494   0,0,65,5,183,100;1,0,-48,-16,245,100 
 0.104573011398   0,0,64,5,182,100;1,0,-51,-16,247,100 
 0.113486051559   0,0,64,6,182,100;1,0,-51,-15,247,100 
 0.136930942535   0,0,64,5,182,100;1,0,-51,-16,245,100 
 0.0985610485077   0,0,64,5,182,100;1,0,-51,-15,247,100 
 0.111347913742   0,0,64,5,182,100;1,0,-51,-15,245,100 
 0.132349014282   0,0,64,5,182,100;1,0,-51,-15,247,100 
 0.0973479747772   0,0,63,5,182,100;1,0,-51,-16,247,100 
 0.121076107025   0,0,64,5,182,100;1,0,-50,-15,245,100 
 0.132842063904   0,0,65,6,183,100;1,0,-51,-16,247,100 
 0.0965559482574   0,0,64,5,182,100;1,0,-51,-16,247,100 
 0.125654935837   0,0,65,5,183,100;1,0,-51,-15,245,100 
 0.130617141724   0,0,65,5,183,100;1,0,-51,-16,245,100 
 0.108935832977   0,0,64,5,182,100;1,0,-50,-16,245,100 
 0.120975971222   0,0,63,5,182,100;1,0,-50,-16,247,100 
 0.123259067535   0,0,64,5,182,100;1,0,-50,-15,247,100 
 0.0996630191803   0,0,64,5,182,100;1,0,-50,-16,245,100 
 0.128896951675   0,0,63,5,182,100;1,0,-50,-15,245,100 
 0.134755134583   0,0,64,5,182,100;1,0,-50,-16,245,100 
 0.112644910812   0,0,64,5,182,100;1,0,-52,-15,247,100 
 0.126765966415   0,0,64,5,182,100;1,0,-51,-17,247,100 
 0.136363983154   0,0,64,5,182,100;1,0,-51,-16,245,100 
 0.106082201004   0,0,64,5,182,100;1,0,-50,-16,245,100 
 0.133134841919   0,0,64,5,182,100;1,0,-50,-16,245,100 
 0.144432067871   0,0,64,5,182,100;1,0,-50,-17,245,100 
 0.109400033951   0,0,64,5,182,100;1,0,-51,-16,247,100 
 0.119241952896   0,0,64,5,182,100;1,0,-51,-15,245,100 
 0.135488033295   0,0,64,5,182,100;1,0,-50,-16,245,100 
 0.0976459980011   0,0,63,5,182,100;1,0,-50,-15,245,100 
 0.116797924042   0,0,64,5,182,100;1,0,-52,-15,247,100 
 0.125705957413   0,0,65,5,183,100;1,0,-51,-14,247,100 
 