0.0376620292664   1,0,-15,138,394,100 
 0.0396590232849   2,0,-15,-156,389,100 
 0.0377540588379   1,0,-15,138,394,100 
 0.0385799407959   1,0,-15,138,394,100 
 0.0394749641418   2,0,-13,-156,389,100 
 0.0384950637817   2,0,-29,-156,389,100 
 0.0424869060516   1,0,-15,138,394,100 
 0.037672996521   2,0,-8,-158,394,100 
 0.0419600009918   2,0,-15,-156,389,100 
 0.0391578674316   2,0,-13,-158,394,100 
 0.0392198562622   2,0,-29,-156,389,100 
 0.0380229949951   1,0,-15,138,394,100 
 0.0394790172577   2,0,-12,-158,394,100 
 0.0393948554993   1,0,-15,137,389,100 
 0.0383369922638   1,0,-15,138,394,100 
 0.0385210514069   1,0,-15,140,398,100 
 0.0382199287415   1,0,-15,140,398,100;2,0,-8,-160,398,100 
 0.0393149852753   1,0,-15,138,394,100 
 0.0391318798065   2,0,-18,-156,389,100 
 0.0386700630188   1,0,-15,138,394,100 
 0.0392398834229   1,0,-15,140,398,100 
 0.038587808609   2,0,-13,-156,389,100 
 0.0385568141937   1,0,-15,138,394,100 
 0.0423510074615   1,0,-15,135,384,100 
 0.0383868217468   1,0,-15,138,394,100;2,0,-25,-156,389,100 
 0.037672996521   2,0,-8,-156,389,100 
 0.0394139289856   1,0,-15,138,394,100 
 0.0373730659485   2,0,-15,-158,394,100 
 0.0448939800262   1,0,-16,138,394,100 
 0.0489549636841   1,0,-15,138,394,100 
 0.0471138954163   2,0,-13,-156,389,100 
 0.0458159446716   1,0,-27,140,398,100 
 0.0450391769409   1,0,-15,137,389,100 
 0.0479199886322   2,0,-9,-158,394,100 
 0.0483160018921   2,0,-50,-156,389,100 
 0.0450000762939   1,0,-15,138,394,100 
 0.0473139286041   1,0,-15,138,394,100 
 0.0484819412231   1,0,-15,140,398,100 
 0.0507321357727   2,0,-15,-158,394,100 
 0.047464132309   1,0,-15,140,398,100 
 0.0484230518341   1,0,-15,140,398,100 
 0.0471498966217   1,0,-23,140,398,100;2,0,-15,-156,389,100 
 0.0479798316956   1,0,-15,140,398,100 
 0.0454459190369   2,0,-15,-156,389,100 
 0.0471179485321   1,0,-15,140,398,100 
 0.0397980213165   2,0,-16,-156,389,100 
 0.0386819839478   1,0,-15,138,394,100 
 0.0412211418152   2,0,-13,-158,394,100 
 0.0385060310364   1,0,-15,138,394,100 
 0.0405900478363   1,0,-15,138,394,100;2,0,-30,-156,389,100 
 0.0376839637756   2,0,-13,-156,389,100 
 0.0372619628906   1,0,-15,138,394,100 
 0.0400891304016   1,0,-15,140,398,100;2,0,-25,-156,389,100 
 0.0377559661865   1,0,-15,138,394,100 
 0.0380029678345   2,0,-15,-158,394,100 
 0.0387661457062   1,0,-15,140,398,100 
 0.0388998985291   1,0,-15,137,389,100 
 0.041867017746   2,0,-29,-156,389,100 
 0.0398368835449   1,0,-15,137,389,100 
 0.0394659042358   2,0,-13,-156,389,100 
 0.0388522148132   2,0,-31,-156,389,100 
 0.0385990142822   2,0,-15,-158,394,100 
 0.0417139530182   2,0,-15,-158,394,100 
 0.039234161377   1,0,-15,138,394,100;2,0,-15,-158,394,100 
 0.0384640693665   2,0,-15,-156,389,100 
 0.0391428470612   1,0,-15,137,389,100 
 0.0397510528564   1,0,-15,138,394,100 
 0.0391669273376   1,0,-15,140,398,100;2,0,-15,-156,389,100 
 0.0381829738617   2,0,-22,-156,389,100 
 0.0377681255341   1,0,-15,138,394,100 
 0.0392179489136   1,0,-15,138,394,100 
 0.0380470752716   2,0,-31,-156,389,100 
 0.0381660461426   2,0,-15,-156,389,100 
 0.0471820831299   1,0,-22,138,394,100;2,0,-17,-156,389,100 
 0.0449650287628   2,0,-15,-156,389,100 
 0.0383269786835   1,0,-15,140,398,100 
 0.0399529933929   1,0,-15,138,394,100 
 0.0409381389618   2,0,-48,-154,384,100 
 0.0378711223602   2,0,-12,-158,394,100 
 0.0394840240479   1,0,-15,140,398,100 
 0.0387568473816   2,0,-13,-158,394,100 
 0.0419950485229   2,0,-15,-156,389,100 
 0.039558172226   1,0,-15,138,394,100 
 0.0396618843079   1,0,-15,138,394,100 
 0.0376751422882   2,0,-13,-156,389,100 
 0.0392138957977   1,0,-15,138,394,100 
 0.0384428501129   1,0,-15,142,403,100 
 0.037801027298   1,0,-15,138,394,100;2,0,-14,-156,389,100 
 0.042181968689   1,0,-31,140,398,100 
 0.0411310195923   1,0,-15,140,398,100 
 0.0372381210327   1,0,-15,140,398,100;2,0,-12,-158,394,100 
 0.0378339290619   1,0,-15,137,389,100 
 0.0382559299469   2,0,-15,-158,394,100 
 0.0418429374695   1,0,-15,140,398,100;2,0,-15,-156,389,100 
 0.041864156723   1,0,-15,138,394,100 
 0.0395879745483   1,0,-15,138,394,100;2,0,-8,-158,394,100 
 0.0392379760742   2,0,-31,-156,389,100 
 0.0383079051971   2,0,-13,-156,389,100 
 0.0402581691742   1,0,-15,138,394,100 
 0.0388510227203   1,0,-15,138,394,100;2,0,-31,-156,389,100 
 0.0400681495667   1,0,-24,138,394,100 
 0.0365400314331   2,0,-15,-158,394,100 
 0.043977022171   1,0,-15,137,389,100 
 0.0452539920807   1,0,-15,140,398,100 
 0.038547039032   2,0,-15,-156,389,100 
 0.0393741130829   1,0,-15,138,394,100;2,0,-14,-158,394,100 
 0.0385649204254   1,0,-29,140,398,100 
 0.0400760173798   1,0,-15,137,389,100 
 0.0385050773621   1,0,-15,137,389,100 
 0.0493350028992   1,0,-15,140,398,100 
 0.0449728965759   1,0,-15,138,394,100;2,0,-18,-158,394,100 
 0.0459220409393   2,0,-13,-156,389,100 
 0.0479390621185   1,0,-15,137,389,100 
 0.0477869510651   2,0,-14,-156,389,100 
 0.0457389354706   1,0,-15,138,394,100 
 0.046914100647   2,0,-32,-156,389,100 
 0.0489180088043   1,0,-15,137,389,100 
 0.0481688976288   2,0,-17,-158,394,100 
 0.0458898544312   2,0,-15,-156,389,100 
 0.0454089641571   2,0,-14,-158,394,100 
 0.0464370250702   2,0,-8,-156,389,100 
 0.0408480167389   1,0,-15,138,394,100 
 0.0446810722351   1,0,-15,140,398,100 
 0.0425081253052   2,0,-13,-158,394,100 
 0.0440998077393   1,0,-15,140,398,100 
 0.0420069694519   1,0,-15,138,394,100 
 0.0444049835205   1,0,-15,138,394,100 
 0.0438060760498   1,0,-15,142,403,100;2,0,-9,-158,394,100 
 0.0447459220886   1,0,-15,138,394,100 
 0.043340921402   1,0,-15,138,394,100 
 0.0428581237793   1,0,-15,137,389,100;2,0,-13,-156,389,100 
 0.0438289642334   1,0,-15,140,398,100;2,0,-15,-158,394,100 
 0.0440130233765   1,0,-15,138,394,100 
 0.0427889823914   1,0,-15,138,394,100 
 0.04314494133   1,0,-15,138,394,100 
 0.0429859161377   1,0,-23,138,394,100 
 0.0450489521027   1,0,-15,140,398,100 
 0.0417859554291   1,0,-29,140,398,100 
 0.0443131923676   1,0,-15,140,398,100 
 0.0447130203247   2,0,-29,-156,389,100 
 0.0446469783783   1,0,-15,138,394,100;2,0,-15,-156,389,100 
 0.0412368774414   1,0,-15,138,394,100;2,0,-15,-156,389,100 
 0.0438661575317   2,0,-15,-156,389,100 
 0.0452950000763   1,0,-15,138,394,100;2,0,-15,-158,394,100 
 0.04430103302   2,0,-31,-156,389,100 
 0.0436389446259   1,0,-22,138,394,100 
 0.041286945343   2,0,-15,-158,394,100 
 0.0452442169189   1,0,-15,138,394,100 
 0.0438270568848   1,0,-15,138,394,100;2,0,-13,-156,389,100 
 0.0460610389709   1,0,-24,138,394,100 
 0.0412940979004   1,0,-16,138,394,100 
 0.0419101715088   1,0,-15,138,394,100 
 0.0423200130463   2,0,-13,-156,389,100 
 0.043848991394   1,0,-15,137,389,100 
 0.0438179969788   1,0,-15,138,394,100 
 0.0418889522552   1,0,-15,138,394,100 
 0.0450990200043   1,0,-15,138,394,100 
 0.0451350212097   1,0,-15,138,394,100 
 0.044764995575   1,0,-15,138,394,100 
 0.0428879261017   2,0,-23,-156,389,100 
 0.0439321994781   1,0,-15,138,394,100 
 0.0430400371552   1,0,-15,138,394,100 
 0.0439209938049   2,0,-15,-158,394,100 
 0.0445268154144   2,0,-15,-158,394,100 
 0.0447981357574   1,0,-15,137,389,100 
 0.0442359447479   2,0,-29,-156,389,100 
 0.043016910553   2,0,-15,-158,394,100 
 0.0425281524658   1,0,-15,137,389,100 
 0.0437700748444   1,0,-15,138,394,100;2,0,-15,-156,389,100 
 0.043398141861   1,0,-15,137,389,100 
 0.0442888736725   1,0,-15,140,398,100 
 0.0420289039612   2,0,-15,-156,389,100 
 0.0448110103607   1,0,-15,137,389,100 
 0.0429210662842   2,0,-47,-156,389,100 
 0.0404629707336   1,0,-15,137,389,100 
 0.0439140796661   1,0,-15,138,394,100 
 0.0453469753265   1,0,-15,140,398,100 
 0.0446469783783   2,0,-29,-156,389,100 
 0.0441038608551   1,0,-15,140,398,100 
 0.0441081523895   2,0,-19,-156,389,100 
 0.0442728996277   1,0,-15,138,394,100 
 0.0461509227753   1,0,-15,138,394,100 
 0.0460169315338   2,0,-15,-158,394,100 
 0.0425069332123   1,0,-15,138,394,100 
 0.0453128814697   2,0,-14,-158,394,100 
 0.0436019897461   1,0,-15,137,389,100 
 0.0445449352264   1,0,-15,140,398,100 
 0.0440120697021   1,0,-15,138,394,100;2,0,-8,-158,394,100 
 0.043240070343   1,0,-15,140,398,100 
 0.0519580841064   1,0,-15,140,398,100 
 0.0453870296478   1,0,-15,137,389,100 
 0.0447559356689   1,0,-15,137,389,100 
 0.0422828197479   2,0,-8,-156,389,100 
 0.044646024704   1,0,-15,138,394,100 
 0.0413410663605   2,0,-28,-156,389,100 
 0.0453288555145   1,0,-15,138,394,100 
 0.0449759960175   2,0,-12,-158,394,100 
 0.0419991016388   2,0,-15,-156,389,100 
 0.0435440540314   2,0,-15,-156,389,100 
 0.0435140132904   1,0,-16,138,394,100 
 0.0409381389618   2,0,-14,-158,394,100 
 0.0435447692871   1,0,-15,138,394,100 
 0.0440051555634   2,0,-15,-158,394,100 
 0.0447971820831   2,0,-13,-158,394,100 
 0.045459985733   2,0,-14,-156,389,100 
 0.0456700325012   1,0,-15,140,398,100 
 0.0425879955292   1,0,-15,138,394,100 
 0.0444390773773   1,0,-15,138,394,100;2,0,-14,-158,394,100 
 0.0442340373993   1,0,-15,140,398,100;2,0,-15,-158,394,100 
 0.0442500114441   2,0,-13,-156,389,100 
 0.0436401367188   2,0,-20,-156,389,100 
 0.0425009727478   2,0,-15,-158,394,100 
 0.0443727970123   2,0,-18,-156,389,100 
 0.0456161499023   1,0,-15,137,389,100 
 0.0429968833923   1,0,-15,138,394,100 
 0.041090965271   2,0,-16,-158,394,100 
 0.0424139499664   1,0,-15,138,394,100 
 0.0433211326599   1,0,-15,137,389,100;2,0,-15,-158,394,100 
 0.0429580211639   2,0,-15,-158,394,100 
 0.0443258285522   1,0,-15,137,389,100 
 0.0438380241394   0,0,43,-194,537,100;1,0,-15,137,389,100 
 0.045599937439   1,0,-15,138,394,100;2,0,-23,-156,389,100 
 0.0441069602966   1,0,-15,137,389,100 
 0.0500299930573   1,0,-15,138,394,100;2,0,-12,-158,394,100 
 0.0449788570404   2,0,-15,-156,389,100 
 0.0434210300446   2,0,-17,-156,389,100 
 0.0436527729034   2,0,-15,-158,394,100 
 0.0443441867828   1,0,-16,138,394,100 
 0.0448861122131   1,0,-15,138,394,100 
 0.0440680980682   1,0,-15,138,394,100 
 0.0447978973389   1,0,-15,140,398,100 
 0.0447630882263   1,0,-15,138,394,100 
 0.0419270992279   1,0,-15,137,389,100 
 0.0472979545593   1,0,-15,140,398,100 
 0.0476508140564   1,0,-15,140,398,100 
 0.0449178218842   1,0,-15,138,394,100 
 0.0511209964752   2,0,-13,-156,389,100 
 0.0390679836273   2,0,-15,-156,389,100 
 0.0378339290619   1,0,-15,140,398,100;2,0,-14,-158,394,100 
 0.0437650680542   1,0,-15,138,394,100 
 0.0442590713501   1,0,-15,137,389,100 
 0.0436699390411   1,0,-15,138,394,100;2,0,-15,-158,394,100 
 0.0431079864502   2,0,-13,-158,394,100 
 0.0438239574432   2,0,-15,-158,394,100 
 0.0443770885468   1,0,-15,140,398,100 
 0.0420298576355   2,0,-14,-158,394,100 
 0.0437870025635   2,0,-47,-154,384,100 
 0.0446720123291   2,0,-12,-158,394,100 
 0.0439929962158   2,0,-15,-156,389,100 
 0.0442709922791   1,0,-15,137,389,100 
 0.0429561138153   1,0,-15,138,394,100 
 0.0435919761658   2,0,-31,-156,389,100 
 0.0437140464783   1,0,-15,138,394,100;2,0,-15,-156,389,100 
 0.0437271595001   1,0,-15,138,394,100 
 0.0432789325714   1,0,-15,137,389,100;2,0,-15,-158,394,100 
 0.0436370372772   2,0,-15,-156,389,100 
 0.0428450107574   1,0,-15,138,394,100 
 0.043447971344   1,0,-15,140,398,100 
 0.0442390441895   2,0,-23,-156,389,100 
 0.0442368984222   2,0,-15,-158,394,100 
 0.044939994812   1,0,-15,138,394,100 
 0.0455100536346   2,0,-15,-156,389,100 
 0.0445880889893   2,0,-15,-156,389,100 
 0.0448241233826   1,0,-15,137,389,100 
 0.0443730354309   1,0,-15,138,394,100 
 0.0469207763672   3,0,-19,0,528,100 
 0.0493431091309   3,0,-34,0,537,100 
 0.0516600608826   2,0,-31,-156,389,100;3,0,-42,101,511,100 
 0.0580599308014   3,0,-38,27,511,100 
 0.0450119972229   3,0,-34,2,503,100 
 0.0491199493408   1,0,-15,138,394,100;3,0,-35,3,488,100 
 0.0462300777435   3,0,-30,2,488,100 
 0.0465230941772   2,0,-15,-158,394,100;3,0,-39,1,481,100 
 0.0463509559631   3,0,-48,0,481,100 
 0.0429298877716   3,0,-41,-2,467,100 
 0.0437469482422   2,0,-15,-158,394,100;3,0,-63,-3,474,100 
 0.0448501110077   3,0,-51,-2,454,100 
 0.0449759960175   2,0,-15,-156,389,100;3,0,-62,-3,454,100 
 0.0447900295258   3,0,-55,-3,448,100 
 0.0449159145355   2,0,-14,-158,394,100;3,0,-57,-1,442,100 
 0.0488901138306   3,0,-51,-2,436,100 
 0.0421578884125   3,0,-88,-1,448,100 
 0.0455629825592   1,0,-30,142,403,100;3,0,-81,-1,425,100 
 0.0424211025238   1,0,-15,138,394,100;2,0,-15,-158,394,100;3,0,-78,-1,414,100 
 0.0462250709534   3,0,-61,-1,409,100 
 0.0475029945374   3,0,-69,-5,403,100 
 0.0486249923706   3,0,-63,-5,398,100 
 0.0445759296417   3,0,-71,-7,389,100 
 0.0454139709473   1,0,-15,138,394,100;3,0,-74,-9,389,100 
 0.0465800762177   3,0,-63,-9,384,100 
 0.0461699962616   3,0,-78,-7,375,100 
 0.0453538894653   3,0,-79,-7,371,100 
 0.0453720092773   3,0,-81,-9,367,100 
 0.0447809696198   3,0,-80,-6,351,100 
 0.0449469089508   3,0,-85,-8,347,100 
 0.0469741821289   3,0,-85,-7,340,100 
 0.0424430370331   3,0,-86,-8,337,100 
 0.0441198348999   3,0,-87,-9,326,100 
 0.0441131591797   2,0,-15,-158,394,100;3,0,-87,-11,330,100 
 0.0444669723511   1,0,-15,138,394,100;2,0,-15,-156,389,100;3,0,-92,-11,308,100 
 0.0438458919525   3,0,-91,-11,311,100 
 0.0443301200867   3,0,-100,-12,308,100 
 0.0423929691315   1,0,-15,137,389,100;3,0,-94,-11,323,100 
 0.0448558330536   3,0,-102,-12,305,100 
 0.0498030185699   3,0,-105,-12,299,100 
 0.0428709983826   3,0,-113,-12,305,100 
 0.0452001094818   3,0,-115,-11,297,100 
 0.0448899269104   3,0,-122,-10,297,100 
 0.0452280044556   2,0,-12,-158,394,100;3,0,-112,-9,289,100 
 0.0475721359253   3,0,-129,-9,286,100 
 0.0444138050079   2,0,-14,-156,389,100;3,0,-129,-7,281,100 
 0.0449759960175   3,0,-133,-9,281,100 
 0.0419261455536   3,0,-132,-9,272,100 
 0.0454988479614   3,0,-129,-10,269,100 
 0.0451741218567   3,0,-132,-11,267,100 
 0.0450129508972   2,0,-14,-156,389,100;3,0,-134,-11,265,100 
 0.0454151630402   1,0,-15,138,394,100;3,0,-135,-11,263,100 
 0.0460078716278   3,0,-135,-12,261,100 
 0.0441040992737   2,0,125,-8,265,100;3,0,-142,-13,269,100 
 0.0446557998657   2,0,122,-11,263,100;3,0,-142,-13,267,100 
 0.0440640449524   2,0,119,-14,259,100;3,0,-143,-12,267,100 
 0.0440671443939   2,0,118,-31,257,100 
 0.0402498245239   1,0,-15,138,394,100;2,0,114,-32,253,100 
 0.039929151535   2,0,112,-32,251,100;2,1,-35,-156,389,100 
 0.0393970012665   2,0,106,-30,241,100 
 0.0428898334503   2,0,102,-30,238,100 
 0.0430221557617   2,0,100,-30,234,100 
 0.0455749034882   2,0,95,-30,234,100 
 0.0434789657593   2,0,93,-32,234,100 
 0.0420570373535   2,0,90,-31,233,100 
 0.043004989624   2,0,89,-32,234,100 
 0.0442321300507   2,0,86,-32,233,100 
 0.0442209243774   2,0,82,-33,233,100;2,1,-30,-156,389,100 
 0.0429060459137   2,0,81,-32,233,100 
 0.0439648628235   1,0,-6,137,389,100;2,0,80,-33,234,100 
 0.0438580513   2,0,78,-32,234,100 
 0.0449430942535   2,0,76,-32,234,100;2,1,-15,-158,394,100 
 0.0438630580902   2,0,71,-32,234,100 
 0.0426599979401   2,0,70,-31,234,100 
 0.0445349216461   2,0,68,-31,238,100;2,1,-15,-158,394,100 
 0.0423970222473   2,0,66,-30,238,100 
 0.0446009635925   2,0,61,-29,241,100 
 0.0449290275574   2,0,59,-29,243,100;2,1,-16,-156,389,100 
 0.0424680709839   2,0,56,-28,243,100 
 0.0442199707031   2,0,56,-28,251,100 
 0.0444939136505   2,0,53,-30,251,100 
 0.0439190864563   2,0,50,-30,255,100 
 0.0451188087463   2,0,48,-32,259,100;2,1,-15,-156,389,100 
 0.0471601486206   2,0,47,-32,261,100 
 0.0395810604095   2,0,45,-32,261,100 
 0.0441689491272   2,0,43,-32,263,100 
 0.0422768592834   2,0,41,-32,263,100 
 0.0443639755249   2,0,40,-32,263,100 
 0.0449922084808   2,0,39,-32,263,100 
 0.0439338684082   2,0,38,-32,263,100 
 0.0446441173553   1,0,-24,140,398,100;2,0,35,-32,263,100 
 0.0435788631439   2,0,34,-33,261,100 
 0.0503711700439   1,0,-15,140,398,100;2,0,30,-33,261,100 
 0.0480878353119   2,0,27,-32,259,100 
 0.0398609638214   2,0,24,-32,257,100 
 0.0427711009979   2,0,23,-32,257,100 
 0.0426309108734   2,0,20,-31,255,100 
 0.043065071106   2,0,16,-31,253,100 
 0.0434629917145   2,0,15,-32,251,100 
 0.0434000492096   2,0,12,-31,251,100 
 0.0436420440674   2,0,9,-32,247,100 
 0.044173002243   2,0,8,-32,247,100 
 0.0429999828339   2,0,6,-32,243,100 
 0.0458369255066   2,0,4,-31,240,100 
 0.0448060035706   2,0,3,-32,241,100 
 0.0432291030884   2,0,3,-32,243,100;2,1,-15,-158,394,100 
 0.0421628952026   2,0,1,-31,241,100 
 0.0465540885925   1,0,-15,140,398,100;2,0,1,-33,245,100 
 0.0438129901886   2,0,0,-32,243,100 
 0.043359041214   2,0,0,-33,245,100 
 0.0460078716278   1,0,-15,137,389,100;2,0,-1,-33,245,100 
 0.0441129207611   2,0,-1,-33,247,100 
 0.0477471351624   1,0,-15,138,394,100;2,0,-2,-33,249,100 
 0.0531189441681   2,0,-2,-33,247,100 
 0.0490789413452   1,0,-15,138,394,100;2,0,-2,-33,249,100 
 0.0388791561127   2,0,-2,-33,251,100;2,1,-15,-158,394,100 
 0.0453338623047   2,0,-2,-33,251,100 
 0.0434761047363   1,0,-15,138,394,100;2,0,-2,-33,251,100 
 0.0427548885345   1,0,-15,137,389,100;2,0,-3,-33,249,100;2,1,-19,-156,389,100 
 0.0466330051422   2,0,-3,-33,253,100;2,1,-15,-156,389,100 
 0.0466270446777   2,0,-3,-32,251,100 
 0.0427210330963   2,0,-3,-33,251,100 
 0.0418479442596   2,0,-4,-33,251,100 
 0.0439989566803   2,0,-4,-33,253,100;2,1,-15,-158,394,100 
 0.0457921028137   2,0,-3,-33,255,100 
 0.0435860157013   2,0,-3,-33,255,100 
 0.0459389686584   2,0,-4,-33,257,100 
 0.0423710346222   2,0,-4,-33,257,100 
 0.0432238578796   2,0,-4,-33,257,100;2,1,-14,-158,394,100 
 0.0448801517487   2,0,-4,-33,257,100;2,1,-9,-158,394,100 
 0.0459949970245   2,0,-4,-33,257,100 
 0.042918920517   2,0,-4,-33,257,100 
 0.0428309440613   2,0,-4,-33,259,100 
 0.0426859855652   2,0,-4,-34,259,100 
 0.0433540344238   2,0,-3,-33,259,100 
 0.0433070659637   1,0,-15,137,389,100;2,0,-3,-33,259,100 
 0.0435869693756   2,0,-4,-33,257,100 
 0.0437669754028   2,0,-4,-33,259,100 
 0.0433390140533   2,0,-2,-33,259,100 
 0.0427980422974   2,0,-3,-33,259,100 
 0.0439848899841   1,0,-15,138,394,100;2,0,-3,-34,259,100 
 0.0424861907959   2,0,-3,-33,259,100 
 0.0450868606567   2,0,-3,-34,259,100 
 0.0473840236664   1,0,-15,138,394,100;2,0,-3,-34,259,100 
 0.042377948761   2,0,-4,-34,257,100 
 0.0433690547943   2,0,-3,-33,259,100 
 0.042829990387   2,0,-3,-33,259,100 
 0.0527400970459   2,0,-4,-34,257,100;2,1,-14,-158,394,100 
 0.0514400005341   2,0,-4,-33,257,100 
 0.0461909770966   2,0,-4,-34,259,100 
 0.0434539318085   2,0,-4,-33,257,100 
 0.0429699420929   2,0,-4,-33,259,100 
 0.0429911613464   2,0,-4,-34,257,100 
 0.0424950122833   2,0,-4,-33,257,100 
 0.0516350269318   2,0,-4,-33,257,100 
 0.048003911972   2,0,-4,-33,257,100 
 0.0513429641724   2,0,-4,-33,257,100 
 0.0464460849762   2,0,-4,-33,259,100 
 0.0488829612732   2,0,-5,-33,257,100 
 0.0475459098816   2,0,-4,-33,257,100 
 0.0462679862976   2,0,-5,-33,257,100 
 0.0495359897614   2,0,-5,-33,257,100 
 0.0510041713715   1,0,-15,137,389,100;2,0,-6,-33,257,100 
 0.0488018989563   1,0,-15,138,394,100;2,0,-6,-33,255,100;2,1,-43,-158,394,100 
 0.043977022171   2,0,-5,-33,257,100;2,1,-15,-158,394,100 
 0.0438311100006   2,0,-6,-33,255,100;2,1,-15,-158,394,100 
 0.0442488193512   2,0,-5,-33,257,100 
 0.0362770557404   2,0,-5,-34,259,100 
 0.0421259403229   2,0,-5,-33,257,100 
 0.0417749881744   1,0,-15,137,389,100;2,0,-5,-33,257,100 
 0.0509011745453   2,0,-5,-33,257,100;2,1,-30,-156,389,100 
 0.0424098968506   2,0,-5,-33,257,100 
 0.0415909290314   2,0,-5,-33,257,100;2,1,-15,-158,394,100 
 0.0407621860504   2,0,-5,-33,257,100 
 0.0386869907379   2,0,-6,-33,257,100 
 0.0404868125916   1,0,-15,140,398,100;2,0,-5,-33,257,100 
 0.039046049118   2,0,-5,-34,259,100 
 0.0400850772858   2,0,-6,-33,259,100 
 0.0494120121002   2,0,-6,-34,259,100 
 0.0393340587616   2,0,-6,-34,259,100 
 0.0449409484863   2,0,-6,-33,259,100 
 0.044627904892   1,0,-15,138,394,100;2,0,-6,-33,259,100 
 0.044634103775   2,0,-6,-34,259,100 
 0.0441629886627   2,0,-6,-34,261,100 
 0.0463669300079   2,0,-7,-33,261,100;2,1,-15,-156,389,100 
 0.0434560775757   2,0,-8,-32,251,100 
 0.0436999797821   1,0,-15,140,398,100;2,0,-7,-33,255,100 
 0.0425629615784   1,0,-15,138,394,100;2,0,-8,-31,249,100 
 0.0439751148224   2,0,-8,-31,253,100 
 0.0431048870087   2,0,-9,-32,253,100;2,1,-15,-158,394,100 
 0.0442669391632   2,0,-8,-32,259,100 
 0.044319152832   1,0,-15,135,384,100;2,0,-9,-31,263,100 
 0.0439908504486   2,0,-10,-31,265,100;2,1,-8,-158,394,100 
 0.043771982193   2,0,-10,-31,272,100 
 0.0435881614685   2,0,-10,-30,274,100 
 0.0410218238831   2,0,-11,-30,279,100 
 0.0446631908417   2,0,-11,-29,281,100 
 0.0471568107605   2,0,-12,-29,289,100;2,1,-13,-156,389,100 
 0.0414052009583   2,0,-13,-28,291,100 
 0.043616771698   2,0,-14,-29,294,100 
 0.0447561740875   2,0,-15,-30,299,100 
 0.0446670055389   2,0,-15,-30,299,100 
 0.0433158874512   2,0,-15,-31,299,100 
 0.0450940132141   2,0,-16,-31,302,100 
 0.0430691242218   2,0,-16,-31,299,100 
 0.0446429252625   2,0,-17,-31,302,100 
 0.0444889068604   2,0,-17,-30,302,100;2,1,-15,-158,394,100 
 0.0449559688568   2,0,-17,-32,302,100 
 0.0455100536346   1,0,-15,135,384,100;2,0,-19,-30,305,100 
 0.0459730625153   1,0,-15,140,398,100;2,0,-19,-30,308,100 
 0.0446150302887   2,0,-19,-30,308,100;2,1,-15,-158,394,100 
 0.0444729328156   2,0,-20,-31,308,100 
 0.0420260429382   2,0,-21,-30,308,100 
 0.0421149730682   2,0,-22,-30,311,100 
 0.0433039665222   2,0,-23,-31,308,100 
 0.0442359447479   2,0,-25,-31,311,100 
 0.0436360836029   2,0,-26,-30,308,100 
 0.0430409908295   2,0,-26,-30,311,100 
 0.0448291301727   2,0,-28,-30,311,100;2,1,-19,-156,389,100 
 0.0435178279877   1,0,-15,138,394,100;2,0,-31,-30,311,100 
 0.0429041385651   2,0,-31,-31,311,100 
 0.0447449684143   2,0,-32,-31,311,100 
 0.0437738895416   2,0,-34,-32,314,100;2,1,-29,-156,389,100 
 0.0432000160217   1,0,-15,138,394,100;2,0,-33,-31,314,100 
 0.0412390232086   2,0,-34,-32,314,100 
 0.0440680980682   1,0,-15,140,398,100;2,0,-35,-32,314,100 
 0.0462410449982   1,0,-15,135,384,100;2,0,-37,-32,317,100 
 0.0424518585205   2,0,-38,-32,320,100;2,1,-8,-158,394,100 
 0.0437710285187   2,0,-38,-32,320,100 
 0.044853925705   2,0,-38,-32,320,100 
 0.0429129600525   2,0,-39,-32,323,100 
 0.0434491634369   2,0,-39,-31,323,100 
 0.0435788631439   2,0,-39,-31,326,100 
 0.0448851585388   2,0,-38,-31,326,100 
 0.0441889762878   1,0,-15,138,394,100;2,0,-40,-31,333,100 
 0.0437219142914   2,0,-38,-30,333,100 
 0.046149969101   2,0,-39,-31,337,100 
 0.0412349700928   1,0,-15,138,394,100;2,0,-38,-31,337,100 
 0.0445590019226   1,0,-15,138,394,100;2,0,-38,-31,337,100 
 0.0410912036896   2,0,-39,-30,340,100 
 0.040198802948   1,0,-15,138,394,100;2,0,-38,-30,337,100 
 0.0446660518646   1,0,-15,137,389,100;2,0,-39,-30,340,100 
 0.0447640419006   2,0,-39,-30,340,100;2,1,-31,-156,389,100 
 0.0429399013519   2,0,-39,-30,340,100;2,1,-15,-156,389,100 
 0.0446910858154   2,0,-39,-31,344,100;2,1,-15,-158,394,100 
 0.0455780029297   2,0,-38,-31,344,100 
 0.0426969528198   2,0,-39,-31,344,100 
 0.048985004425   2,0,-38,-30,340,100 
 0.042032957077   2,0,-39,-31,344,100 
 0.0432469844818   2,0,-38,-31,344,100 
 0.0433621406555   1,0,-23,138,394,100;2,0,-38,-31,344,100 
 0.0469980239868   2,0,-38,-30,340,100 
 0.0439119338989   2,0,-38,-31,344,100 
 0.0437760353088   2,0,-38,-30,340,100;2,1,-15,-156,389,100 
 0.0450460910797   1,0,-15,140,398,100;2,0,-38,-31,344,100 
 0.0444459915161   1,0,-15,138,394,100;2,0,-38,-30,344,100 
 0.0442159175873   2,0,-38,-31,344,100 
 0.0429298877716   2,0,-38,-30,344,100 
 0.043603181839   2,0,-39,-31,344,100 
 0.0441279411316   1,0,-15,138,394,100;2,0,-38,-31,344,100 
 0.0449719429016   2,0,-39,-31,344,100 
 0.0423519611359   2,0,-40,-31,344,100 
 0.0408539772034   2,0,-39,-30,344,100 
 0.0449631214142   2,0,-38,-31,344,100 
 0.042181968689   2,0,-40,-31,344,100 
 0.0432550907135   2,0,-39,-30,340,100 
 0.0433378219604   2,0,-39,-30,340,100 
 0.0435500144958   2,0,-40,-30,340,100 
 0.0444719791412   2,0,-39,-30,340,100 
 0.0450451374054   2,0,-40,-30,344,100 
 0.0438590049744   2,0,-39,-30,340,100;2,1,8,-158,394,100 
 0.0441160202026   1,0,-15,137,389,100;2,0,-40,-30,340,100 
 0.0445659160614   2,0,-41,-30,344,100 
 0.0452029705048   1,0,-15,138,394,100;2,0,-39,-30,340,100 
 0.0421371459961   2,0,-39,-30,340,100 
 0.0464518070221   2,0,-40,-30,344,100 
 0.0432860851288   2,0,-40,-30,344,100 
 0.0420429706573   2,0,-40,-30,344,100 
 0.0438411235809   2,0,-39,-30,344,100;2,1,-13,-156,389,100 
 0.0456879138947   2,0,-40,-30,344,100 
 0.0448091030121   2,0,-40,-30,344,100 
 0.0436589717865   2,0,-40,-30,344,100 
 0.0434908866882   2,0,-39,-30,340,100 
 0.041974067688   1,0,-15,137,389,100;2,0,-40,-30,344,100;2,1,-49,-154,384,100 
 0.0448439121246   1,0,-15,138,394,100;2,0,-40,-30,344,100;2,1,-9,-158,394,100 
 0.0443961620331   2,0,-41,-30,344,100;2,1,-15,-156,389,100 
 0.0452208518982   1,0,-15,137,389,100;2,0,-41,-31,347,100 
 0.0428791046143   2,0,-41,-30,344,100 
 0.0438170433044   2,0,-40,-30,344,100;2,1,-30,-156,389,100 
 0.0444958209991   1,0,-24,138,394,100;2,0,-40,-30,344,100 
 0.0436511039734   2,0,-40,-30,344,100 
 0.0457189083099   2,0,-41,-30,347,100 
 0.0435910224915   2,0,-40,-30,344,100 
 0.0444319248199   2,0,-40,-30,344,100 
 0.0434432029724   2,0,-41,-31,347,100 
 0.0447239875793   2,0,-41,-31,347,100;2,1,-8,-158,394,100 
 0.0440368652344   1,0,-15,140,398,100;2,0,-40,-30,344,100;2,1,-15,-158,394,100 
 0.0429821014404   2,0,-41,-30,344,100 
 0.0442540645599   2,0,-41,-31,347,100;2,1,-15,-156,389,100 
 0.0441107749939   2,0,-41,-30,347,100;2,1,-15,-156,389,100 
 0.0450839996338   1,0,-15,138,394,100;2,0,-41,-30,344,100 
 0.0440580844879   2,0,-41,-31,347,100 
 0.0439901351929   1,0,-15,140,398,100;2,0,-39,-29,340,100;2,1,-15,-156,389,100 
 0.0434439182281   2,0,-40,-30,344,100;2,1,-19,-156,389,100 
 0.0416898727417   2,0,-40,-30,344,100 
 0.043594121933   2,0,-40,-30,344,100 
 0.0449500083923   1,0,-15,137,389,100;2,0,-39,-30,344,100 
 0.0443060398102   2,0,-41,-30,344,100 
 0.0441808700562   2,0,-40,-30,344,100 
 0.0441830158234   1,0,-15,138,394,100;2,0,-40,-30,344,100 
 0.0443849563599   2,0,-40,-30,344,100;2,1,-31,-156,389,100 
 0.0422320365906   2,0,-41,-30,344,100 
 0.0437040328979   2,0,-41,-30,344,100 
 0.0419230461121   1,0,-15,140,398,100;2,0,-40,-30,344,100 
 0.0448100566864   2,0,-40,-30,344,100 
 0.0410268306732   2,0,-40,-30,344,100 
 0.0429980754852   2,0,-40,-30,344,100 
 0.0445029735565   2,0,-39,-30,340,100;2,1,-15,-158,394,100 
 0.0454430580139   2,0,-40,-30,344,100 
 0.0431668758392   1,0,-15,138,394,100;2,0,-40,-30,344,100 
 0.0452451705933   1,0,-15,140,398,100;2,0,-40,-30,344,100 
 0.0453479290009   1,0,-15,138,394,100;2,0,-39,-31,344,100 
 0.0438330173492   1,0,-15,138,394,100;2,0,-39,-30,340,100;2,1,-14,-158,394,100 
 0.0436599254608   2,0,-40,-30,344,100;2,1,-15,-158,394,100 
 0.0437650680542   1,0,-15,138,394,100;2,0,-40,-30,344,100 
 0.0428349971771   2,0,-40,-30,344,100 
 0.0439839363098   2,0,-41,-30,344,100 
 0.0444469451904   2,0,-41,-30,344,100 
 0.0435571670532   2,0,-41,-30,344,100 
 0.0440039634705   1,0,-15,140,398,100;2,0,-41,-30,344,100 
 0.0427489280701   2,0,-40,-30,344,100 
 0.0433640480042   2,0,-41,-30,344,100 
 0.0449810028076   2,0,-40,-30,344,100 
 0.0436770915985   2,0,-41,-30,344,100 
 0.0453479290009   2,0,-39,-30,340,100 
 0.0433120727539   2,0,-40,-30,344,100;2,1,-15,-158,394,100 
 0.0438649654388   2,0,-40,-30,344,100 
 0.0441119670868   2,0,-39,-30,340,100;2,1,-13,-156,389,100 
 0.0399219989777   2,0,-39,-30,344,100 
 0.0453028678894   1,0,-15,140,398,100;2,0,-40,-30,344,100 
 0.0446381568909   1,0,-15,138,394,100;2,0,-41,-31,347,100 
 0.0447189807892   2,0,-39,-30,344,100 
 0.0435700416565   2,0,-40,-30,344,100;2,1,-47,-154,384,100 
 0.0449030399323   2,0,-40,-30,344,100 
 0.0433959960938   2,0,-40,-30,344,100;2,1,-29,-156,389,100 
 0.0427808761597   1,0,-15,140,398,100;2,0,-41,-30,344,100 
 0.0483450889587   1,0,-15,137,389,100;2,0,-40,-30,344,100 
 0.0410938262939   2,0,-41,-30,344,100 
 0.0436971187592   2,0,-41,-30,344,100 
 0.044636964798   2,0,-40,-30,344,100 
 0.0443201065063   2,0,-41,-31,347,100 
 0.0428488254547   2,0,-41,-30,344,100 
 0.0466380119324   2,0,-41,-31,347,100 
 0.0395531654358   2,0,-40,-30,344,100 
 0.0445189476013   1,0,-16,138,394,100;2,0,-40,-30,344,100 
 0.043664932251   2,0,-41,-30,344,100 
 0.0445730686188   2,0,-41,-30,344,100 
 0.0431818962097   2,0,-41,-31,347,100 
 0.0444781780243   2,0,-41,-30,344,100 
 0.0451188087463   1,0,-15,138,394,100;2,0,-42,-31,347,100 
 0.0440351963043   1,0,-15,140,398,100;2,0,-40,-30,344,100;2,1,-15,-156,389,100 
 0.0443139076233   2,0,-41,-30,344,100;2,1,-15,-158,394,100 
 0.0440099239349   2,0,-42,-30,344,100 
 0.042797088623   2,0,-42,-31,347,100 
 0.044615983963   2,0,-41,-30,344,100 
 0.0443379878998   2,0,-40,-30,344,100 
 0.049742937088   2,0,-41,-30,344,100;2,1,-13,-156,389,100 
 0.0420920848846   2,0,-40,-30,344,100 
 0.0408849716187   1,0,-17,140,398,100;2,0,-40,-30,344,100 
 0.0427060127258   2,0,-42,-30,344,100 
 0.0453660488129   2,0,-42,-30,344,100;2,1,-15,-156,389,100 
 0.0440950393677   2,0,-42,-30,347,100 
 0.0452299118042   2,0,-41,-30,344,100 
 0.0442399978638   2,0,-41,-31,347,100 
 0.0435469150543   2,0,-41,-30,344,100 
 0.0452580451965   2,0,-41,-30,344,100 
 0.0428509712219   2,0,-40,-30,344,100 
 0.0467579364777   2,0,-41,-30,344,100;2,1,-18,-154,384,100 
 0.0412831306458   1,0,-15,140,398,100;2,0,-41,-30,344,100;2,1,-23,-158,394,100 
 0.0428750514984   2,0,-40,-30,344,100;2,1,-8,-158,394,100 
 0.0419888496399   2,0,-40,-30,344,100 
 0.0447790622711   2,0,-40,-30,344,100 
 0.044126033783   2,0,-40,-30,340,100;2,1,-18,-156,389,100 
 0.0463309288025   1,0,-33,140,398,100;2,0,-41,-30,344,100 
 0.0429949760437   2,0,-42,-30,344,100 
 0.0442399978638   2,0,-41,-30,344,100 
 0.0434319972992   2,0,-42,-31,347,100 
 0.0427181720734   2,0,-41,-30,344,100;2,1,-13,-158,394,100 
 0.0465929508209   2,0,-42,-31,344,100 
 0.044282913208   2,0,-41,-30,344,100 
 0.0428831577301   2,0,-40,-30,344,100;2,1,-19,-156,389,100 
 0.0462679862976   2,0,-40,-30,344,100 
 0.0442728996277   1,0,-15,137,389,100;2,0,-41,-30,344,100 
 0.0442271232605   2,0,-41,-30,344,100 
 0.0445427894592   1,0,-15,138,394,100;2,0,-42,-31,347,100 
 0.0430190563202   2,0,-42,-31,347,100;2,1,-10,-158,394,100 
 0.0486061573029   2,0,-41,-31,347,100 
 0.0483059883118   2,0,-42,-31,347,100 
 0.038614988327   2,0,-42,-30,344,100;2,1,-29,-156,389,100 
 0.0467720031738   2,0,-41,-30,344,100 
 0.0444920063019   2,0,-40,-30,344,100;2,1,-15,-156,389,100 
 0.047492980957   2,0,-41,-30,344,100 
 0.0439050197601   2,0,-41,-31,347,100 
 0.0424749851227   2,0,-40,-30,340,100 
 0.0431067943573   2,0,-41,-30,344,100 
 0.0439851284027   2,0,-42,-31,347,100;2,1,-15,-156,389,100 
 0.0467569828033   2,0,-41,-30,344,100;2,1,-15,-156,389,100 
 0.047679901123   2,0,-40,-30,344,100 
 0.0442070960999   2,0,-41,-30,344,100 
 0.0430951118469   1,0,-15,137,389,100;2,0,-41,-30,344,100 
 0.0437150001526   2,0,-41,-30,344,100 
 0.044538974762   2,0,-41,-30,344,100 
 0.0443739891052   2,0,-41,-30,344,100 
 0.0464599132538   2,0,-41,-29,344,100 
 0.040766954422   2,0,-41,-30,344,100 
 0.0438630580902   2,0,-41,-30,344,100 
 0.0448679924011   2,0,-40,-30,344,100 
 0.0435810089111   2,0,-40,-29,344,100 
 0.0440580844879   2,0,-41,-30,344,100 
 0.0433418750763   2,0,-41,-29,344,100 
 0.0430450439453   2,0,-40,-29,340,100;2,1,-13,-156,389,100 
 0.0465049743652   2,0,-40,-29,340,100 
 0.0496959686279   1,0,-15,138,394,100;2,0,-41,-30,344,100 
 0.0461659431458   2,0,-41,-31,344,100 
 0.0452251434326   1,0,-15,137,389,100;2,0,-40,-29,340,100 
 0.0451669692993   2,0,-41,-30,344,100 
 0.0451490879059   1,0,-22,138,394,100;2,0,-40,-30,344,100 
 0.04536485672   2,0,-42,-30,344,100 
 0.0453531742096   2,0,-40,-30,344,100 
 0.0457389354706   2,0,-40,-30,344,100 
 0.0454349517822   2,0,-41,-30,344,100 
 0.0468139648438   2,0,-41,-30,344,100 
 0.0482120513916   2,0,-42,-30,344,100 
 0.0493719577789   2,0,-41,-30,344,100 
 0.0482361316681   2,0,-43,-30,344,100 
 0.0469470024109   1,0,-15,140,398,100;2,0,-42,-29,340,100 
 0.0449957847595   2,0,-42,-29,340,100 
 0.0450150966644   2,0,-42,-29,340,100 
 0.0453169345856   2,0,-42,-30,340,100 
 0.0454950332642   2,0,-43,-30,337,100 
 0.0463650226593   2,0,-44,-30,337,100;2,1,-15,-158,394,100 
 0.0495789051056   2,0,-43,-29,333,100 
 0.0481932163239   1,0,-15,138,394,100;2,0,-44,-29,330,100 
 0.0492508411407   1,0,-15,138,394,100;2,0,-43,-29,326,100 
 0.0478920936584   2,0,-44,-29,323,100 
 0.0464570522308   2,0,-45,-29,323,100 
 0.0444128513336   1,0,-15,138,394,100;2,0,-45,-31,323,100 
 0.0452909469604   1,0,-15,138,394,100;2,0,-45,-31,323,100 
 0.0436720848083   2,0,-46,-31,323,100 
 0.0457310676575   2,0,-46,-31,320,100 
 0.0556199550629   2,0,-46,-32,317,100 
 0.0422630310059   2,0,-46,-32,317,100;2,1,-15,-156,389,100 
 0.0461490154266   1,0,-15,138,394,100;2,0,-46,-32,314,100 
 0.0446999073029   2,0,-45,-32,314,100 
 0.0481100082397   1,0,-15,140,398,100;2,0,-46,-32,314,100 
 0.0479171276093   2,0,-44,-32,314,100;2,1,-9,-158,394,100 
 0.0498268604279   2,0,-45,-32,314,100 
 0.0452830791473   2,0,-44,-31,311,100 
 0.0448560714722   1,0,-5,137,389,100;2,0,-43,-31,311,100 
 0.0456039905548   2,0,-41,-31,308,100 
 0.0464248657227   2,0,-41,-30,305,100 
 0.0447299480438   2,0,-40,-30,305,100 
 0.0472421646118   2,0,-38,-31,302,100 
 0.0479199886322   1,0,-15,137,389,100;2,0,-37,-31,302,100;2,1,-15,-158,394,100 
 0.0455379486084   2,0,-36,-29,299,100 
 0.0437428951263   1,0,-15,137,389,100;2,0,-34,-30,297,100 
 0.0439510345459   2,0,-33,-30,294,100 
 0.0437271595001   1,0,-15,138,394,100;2,0,-32,-30,291,100 
 0.0435628890991   1,0,-15,137,389,100;2,0,-29,-31,289,100 
 0.0428500175476   1,0,-15,137,389,100;2,0,-29,-31,289,100 
 0.0432760715485   2,0,-28,-30,286,100 
 0.0471439361572   2,0,-25,-30,284,100 
 0.0454199314117   1,0,-15,138,394,100;2,0,-26,-31,281,100;2,1,-25,-156,389,100 
 0.0446510314941   2,0,-25,-31,281,100 
 0.0470190048218   1,0,-15,137,389,100;2,0,-26,-31,279,100 
 0.0480260848999   1,0,-15,140,398,100;2,0,-25,-31,279,100 
 0.0491080284119   2,0,-25,-32,279,100 
 0.047712802887   2,0,-24,-32,276,100 
 0.0466241836548   2,0,-23,-31,272,100 
 0.0461540222168   2,0,-24,-31,272,100 
 0.0454699993134   1,0,-16,140,398,100;2,0,-24,-31,267,100 
 0.0465638637543   2,0,-23,-31,263,100 
 0.0462911128998   1,0,-15,138,394,100;2,0,-23,-30,261,100;2,1,-15,-156,389,100 
 0.0481998920441   2,0,-23,-32,257,100 
 0.0483191013336   1,0,-15,137,389,100;2,0,-23,-32,255,100;2,1,-15,-158,394,100 
 0.0496768951416   2,0,-22,-32,255,100 
 0.0460920333862   2,0,-21,-32,253,100 
 0.04603099823   2,0,-19,-32,251,100 
 0.0460920333862   2,0,-18,-32,251,100 
 0.0470659732819   2,0,-17,-31,249,100;2,1,-8,-156,389,100 
 0.0465879440308   2,0,-16,-32,249,100;2,1,-14,-158,394,100 
 0.0488290786743   2,0,-15,-33,249,100;2,1,-15,-158,394,100 
 0.046441078186   2,0,-15,-32,247,100;2,1,-31,-156,389,100 
 0.0456318855286   2,0,-13,-31,247,100 
 0.0476970672607   1,0,-15,138,394,100;2,0,-11,-31,247,100 
 0.0433189868927   2,0,-9,-31,245,100 
 0.0463900566101   2,0,-6,-31,249,100;2,1,-15,-158,394,100 
 0.0472118854523   1,0,-15,137,389,100;2,0,-4,-31,249,100 
 0.0493140220642   2,0,-1,-30,249,100 
 0.0500619411469   2,0,4,-30,251,100;2,1,-14,-158,394,100 
 0.0486221313477   2,0,7,-31,253,100 
 0.0435168743134   2,0,10,-31,253,100 
 0.044468164444   2,0,12,-31,255,100 
 0.0471649169922   2,0,15,-31,255,100;2,1,-13,-156,389,100 
 0.0480089187622   2,0,16,-31,255,100 
 0.0481820106506   2,0,18,-32,257,100 
 0.047963142395   2,0,21,-32,257,100 
 0.0443558692932   2,0,24,-31,257,100 
 0.0465190410614   1,0,-15,140,398,100;2,0,25,-32,257,100;2,1,-13,-156,389,100 
 0.0449340343475   2,0,27,-31,255,100;2,1,-17,-156,389,100 
 0.046226978302   2,0,30,-31,255,100 
 0.047816991806   2,0,32,-31,253,100 
 0.0480809211731   2,0,32,-30,247,100 
 0.0468800067902   2,0,36,-29,241,100 
 0.0488171577454   2,0,37,-29,241,100;2,1,-15,-158,394,100 
 0.0435509681702   2,0,39,-29,240,100 
 0.0464978218079   2,0,44,-28,236,100 
 0.0450701713562   1,0,-15,138,394,100;2,0,48,-29,234,100 
 0.0469999313354   1,0,-15,138,394,100;2,0,53,-29,233,100 
 0.0488650798798   2,0,54,-29,229,100 
 0.0492978096008   1,0,-15,138,394,100;2,0,57,-29,229,100 
 0.0466270446777   1,0,-15,138,394,100;2,0,58,-30,229,100 
 0.0447511672974   2,0,60,-31,228,100 
 0.0460739135742   2,0,62,-30,226,100 
 0.0437738895416   2,0,63,-31,226,100 
 0.0459401607513   1,0,-15,138,394,100;2,0,67,-31,226,100;2,1,-15,-158,394,100 
 0.0444269180298   2,0,67,-30,225,100 
 0.0484490394592   1,0,-15,138,394,100;2,0,69,-31,225,100 
 0.0479040145874   2,0,71,-31,223,100 
 0.0492389202118   2,0,74,-31,225,100 
 0.0466260910034   2,0,77,-31,226,100 
 0.0452840328217   2,0,79,-30,225,100;2,1,-15,-158,394,100 
 0.0454618930817   1,0,-15,138,394,100;2,0,81,-30,226,100 
 0.0452721118927   2,0,83,-30,226,100 
 0.0466120243073   2,0,87,-29,226,100 
 0.0475659370422   2,0,89,-29,228,100 
 0.0497238636017   2,0,91,-30,228,100 
 0.0460941791534   2,0,94,-29,228,100 
 0.0470149517059   2,0,95,-29,229,100 
 0.0478429794312   1,0,-15,137,389,100;2,0,96,-30,229,100 
 0.0442199707031   1,0,-15,140,398,100;2,0,98,-30,231,100 
 0.046159029007   2,0,100,-30,233,100 
 0.0479259490967   2,0,102,-30,234,100 
 0.0488729476929   2,0,103,-31,236,100;2,1,-15,-158,394,100 
 0.0463790893555   2,0,106,-31,238,100 
 0.0469210147858   2,0,108,-31,241,100 
 0.0437860488892   2,0,110,-32,243,100;3,0,-137,32,255,100 
 0.0463140010834   2,0,113,-31,247,100;3,0,-134,31,251,100 
 0.0467269420624   1,0,-15,142,403,100;2,0,114,-29,249,100;2,1,-15,-158,394,100;3,0,-134,29,251,100 
 0.0505878925323   3,0,-138,-10,261,100 
 0.049259185791   2,0,121,-7,257,100;2,1,-14,-158,394,100;3,0,-137,-12,261,100 
 0.0467228889465   3,0,-127,-10,247,100 
 0.0434720516205   1,0,-15,137,389,100;3,0,-127,-10,247,100 
 0.046452999115   3,0,-126,-11,251,100 
 0.046138048172   3,0,-125,-10,251,100 
 0.0455408096313   3,0,-123,-11,251,100 
 0.0484840869904   3,0,-123,-11,253,100 
 0.0505690574646   1,0,-15,140,398,100;2,0,-13,-158,394,100;3,0,-124,-11,257,100 
 0.0464808940887   3,0,-124,-11,259,100 
 0.0437161922455   3,0,-123,-11,261,100 
 0.0444338321686   2,0,-9,-158,394,100;3,0,-123,-12,263,100 
 0.045065164566   1,0,-15,138,394,100;3,0,-122,-12,263,100 
 0.04629778862   3,0,-121,-12,263,100 
 0.0471820831299   3,0,-119,-12,263,100 
 0.0480020046234   2,0,-15,-158,394,100;3,0,-120,-12,265,100 
 0.048269033432   3,0,-118,-12,263,100 
 0.0475950241089   3,0,-117,-11,263,100 
 0.0449769496918   1,0,-24,138,394,100;3,0,-115,-11,263,100 
 0.0454890727997   3,0,-115,-12,261,100 
 0.044399023056   3,0,-115,-11,263,100 
 0.0461418628693   2,0,-14,-158,394,100;3,0,-114,-12,263,100 
 0.0479891300201   3,0,-115,-11,263,100 
 0.0486028194427   3,0,-115,-12,263,100 
 0.0470871925354   1,0,-15,138,394,100;2,0,-13,-156,389,100;3,0,-114,-12,263,100 
 0.0463979244232   2,0,-29,-154,384,100;3,0,-115,-12,265,100 
 0.047257900238   3,0,-114,-11,263,100 
 0.0462901592255   1,0,-15,137,389,100;3,0,-114,-12,263,100 
 0.0468389987946   3,0,-115,-12,265,100 
 0.0482549667358   3,0,-115,-12,265,100 
 0.0498950481415   3,0,-115,-12,265,100 
 0.0471248626709   3,0,-115,-12,265,100 
 0.044625043869   1,0,-15,140,398,100;3,0,-115,-11,265,100 
 0.0479879379272   2,0,-25,-158,394,100;3,0,-115,-12,265,100 
 0.0469450950623   3,0,-115,-12,265,100 
 0.0466480255127   1,0,-15,137,389,100;2,0,-29,-156,389,100;3,0,-116,-12,267,100 
 0.045569896698   3,0,-116,-12,267,100 
 0.0469870567322   3,0,-117,-12,269,100 
 0.0470979213715   3,0,-117,-12,269,100 
 0.0471520423889   3,0,-116,-13,267,100 
 0.0492830276489   2,0,-15,-156,389,100;3,0,-116,-12,269,100 
 0.0498819351196   2,0,-15,-158,394,100;3,0,-117,-12,269,100 
 0.0512461662292   3,0,-115,-13,267,100 
 0.0432059764862   1,0,-15,140,398,100;3,0,-116,-13,269,100 
 0.041711807251   1,0,-15,140,398,100;3,0,-116,-12,269,100 
 0.0488760471344   1,0,-15,138,394,100;2,0,-14,-156,389,100;3,0,-116,-11,269,100 
 0.0455720424652   2,0,-27,-156,389,100;3,0,-116,-13,267,100 
 0.0461781024933   3,0,-115,-12,267,100 
 0.0447108745575   3,0,-116,-13,269,100 
 0.0459129810333   3,0,-115,-11,267,100 
 0.0475630760193   3,0,-115,-12,267,100 
 0.0483250617981   3,0,-115,-11,267,100 
 0.0478019714355   1,0,-15,138,394,100;3,0,-115,-11,265,100 
 0.04771900177   3,0,-117,-11,267,100 
 0.0463788509369   1,0,-15,138,394,100;3,0,-118,-11,267,100 
 0.0450642108917   3,0,-119,-11,267,100 
 0.0447700023651   3,0,-120,-12,265,100 
 0.0470159053802   3,0,-121,-12,265,100 
 0.0497469902039   2,0,-15,-158,394,100;3,0,-120,-11,263,100 
 0.0495500564575   1,0,-15,135,384,100;3,0,-121,-12,263,100 
 0.0459928512573   3,0,-121,-12,263,100 
 0.0453670024872   3,0,-121,-13,261,100 
 0.0441370010376   1,0,-15,140,398,100;3,0,-123,-13,259,100 
 0.0466539859772   1,0,-25,138,394,100;3,0,-123,-12,257,100 
 0.0460891723633   2,0,114,-4,247,100;3,0,-124,-14,257,100 
 0.0464498996735   1,0,-23,138,394,100;2,0,112,-5,245,100;3,0,-126,-13,259,100 
 0.0499169826508   3,0,-126,-13,257,100 
 0.0507390499115   1,0,-25,138,394,100;3,0,-130,-12,259,100 
 0.0447859764099   2,0,108,-8,241,100;3,0,-131,-13,259,100 
 0.0471210479736   2,0,106,-27,238,100;2,1,-15,-158,394,100;3,0,-132,4,259,100 
 0.0464050769806   2,0,105,-29,236,100;3,0,-133,0,259,100 
 0.0477828979492   2,0,104,-30,234,100;3,0,-137,4,263,100 
 0.0467059612274   2,0,104,-29,233,100;3,0,-136,4,259,100 
 0.0480771064758   2,0,103,-31,233,100;2,1,-15,-158,394,100;3,0,-140,9,263,100 
 0.0494909286499   2,0,103,-30,233,100;3,0,-141,10,263,100 
 0.0473880767822   2,0,103,-30,233,100;2,1,-14,-158,394,100;3,0,-143,12,263,100 
 0.0459589958191   2,0,103,-30,233,100 
 0.043872833252   2,0,103,-30,234,100;2,1,-15,-158,394,100 
 0.0477831363678   2,0,102,-30,236,100 
 0.0494730472565   1,0,-15,138,394,100;2,0,102,-29,240,100 
 0.0506448745728   1,0,-15,140,398,100;2,0,102,-29,241,100 
 0.0480580329895   2,0,102,-30,247,100 
 0.0458929538727   2,0,100,-29,243,100 
 0.0469801425934   2,0,100,-30,247,100 
 0.0431628227234   2,0,99,-32,253,100 
 0.04754114151   2,0,98,-31,255,100 
 0.0483288764954   2,0,98,-32,259,100 
 0.049623966217   2,0,96,-31,259,100;2,1,-15,-158,394,100 
 0.0469031333923   1,0,-15,138,394,100;2,0,94,-31,259,100 
 0.0458600521088   2,0,93,-31,261,100 
 0.0455508232117   2,0,92,-31,261,100 
 0.04523396492   1,0,-15,138,394,100;2,0,91,-31,263,100 
 0.0450432300568   2,0,89,-31,263,100 
 0.0485789775848   1,0,-15,137,389,100;2,0,85,-31,263,100 
 0.0480818748474   2,0,83,-30,261,100 
 0.0470790863037   2,0,80,-31,261,100 
 0.0463168621063   2,0,80,-31,263,100 
 0.0478720664978   2,0,76,-29,261,100 
 0.0489580631256   2,0,73,-31,261,100 
 0.048485994339   2,0,70,-29,259,100;2,1,-15,-158,394,100 
 0.0484919548035   2,0,65,-29,259,100 
 0.0451090335846   1,0,-15,138,394,100;2,0,63,-30,257,100 
 0.0448529720306   2,0,60,-30,255,100 
 0.0427420139313   2,0,55,-30,255,100 
 0.04514503479   2,0,52,-30,253,100 
 0.0468928813934   2,0,48,-31,253,100 
 0.0439209938049   2,0,46,-30,249,100;2,1,-15,-158,394,100 
 0.0496001243591   1,0,-15,137,389,100;2,0,44,-30,249,100 
 0.0484869480133   2,0,39,-30,253,100 
 0.0485129356384   1,0,-15,138,394,100;2,0,38,-30,255,100;2,1,-15,-156,389,100 
 0.0499150753021   2,0,33,-29,253,100 
 0.0449419021606   1,0,-15,138,394,100;2,0,31,-30,253,100 
 0.0460560321808   2,0,30,-29,253,100 
 0.0427801609039   1,0,-15,138,394,100;2,0,26,-29,251,100 
 0.0447080135345   1,0,-15,138,394,100;2,0,24,-28,251,100 
 0.0445878505707   1,0,-15,138,394,100;2,0,22,-28,253,100 
 0.0455751419067   2,0,17,-28,253,100 
 0.0531969070435   2,0,15,-27,251,100 
 0.0447499752045   2,0,9,-27,253,100 
 0.0453550815582   1,0,-15,137,389,100;2,0,6,-28,255,100 
 0.0480399131775   2,0,2,-28,253,100 
 0.046019077301   1,0,-15,140,398,100;2,0,-1,-30,255,100 
 0.0466299057007   2,0,-3,-30,255,100 
 0.0457980632782   2,0,-7,-30,255,100;2,1,-15,-156,389,100 
 0.0472660064697   2,0,-9,-31,253,100 
 0.0479860305786   1,0,-15,138,394,100;2,0,-12,-31,253,100 
 0.051600933075   2,0,-14,-31,253,100 
 0.0464489459991   2,0,-15,-31,253,100 
 0.0445699691772   1,0,-15,138,394,100;2,0,-20,-31,253,100 
 0.0458161830902   2,0,-22,-31,253,100 
 0.0444469451904   2,0,-24,-30,251,100 
 0.0462129116058   2,0,-27,-30,251,100 
 0.0473370552063   2,0,-28,-30,251,100;2,1,-15,-156,389,100 
 0.054291009903   2,0,-36,-29,245,100 
 0.0419340133667   2,0,-39,-30,245,100 
 0.0462980270386   2,0,-41,-29,241,100 
 0.0463638305664   2,0,-45,-29,243,100 
 0.045618057251   2,0,-49,-30,238,100 
 0.0464689731598   2,0,-52,-30,233,100 
 0.0482079982758   2,0,-54,-30,231,100 
 0.0489211082458   1,0,-15,137,389,100;2,0,-55,-30,231,100 
 0.0471079349518   2,0,-58,-30,229,100;2,1,-10,-158,394,100 
 0.0456969738007   2,0,-60,-30,229,100;2,1,-8,-160,398,100 
 0.0453569889069   2,0,-65,-30,231,100 
 0.046765089035   2,0,-65,-30,231,100 
 0.0476410388947   2,0,-67,-30,231,100;2,1,-15,-158,394,100 
 0.0484049320221   1,0,-15,138,394,100;2,0,-69,-30,231,100;2,1,-15,-156,389,100 
 0.0485410690308   2,0,-75,-27,233,100 
 0.0463168621063   2,0,-77,-27,233,100;2,1,-15,-156,389,100 
 0.047660112381   1,0,-15,137,389,100;2,0,-80,-28,234,100 
 0.044725894928   1,0,-15,138,394,100;2,0,-82,-26,234,100 
 0.044792175293   1,0,-15,140,398,100;2,0,-85,-27,236,100 
 0.0454258918762   1,0,-15,138,394,100;2,0,-88,-27,236,100 
 0.047003030777   2,0,-95,-29,238,100 
 0.0469679832458   2,0,-96,-28,238,100 
 0.0488269329071   2,0,-99,-27,240,100 
 0.0461101531982   1,0,-15,137,389,100;2,0,-100,-28,238,100 
 0.0456697940826   2,0,-107,-27,240,100 
 0.0458850860596   2,0,-108,-27,240,100 
 0.0442819595337   2,0,-111,-27,240,100 
 0.0458099842072   2,0,-112,-27,240,100 
 0.0467200279236   2,0,-114,-27,240,100 
 0.0482161045074   0,0,128,2,276,100;2,0,-116,-28,241,100 
 0.0505440235138   0,0,124,-18,269,100;2,0,-119,-26,241,100 
 0.0511798858643   0,0,124,-50,274,100;2,0,-121,-27,243,100 
 0.0509440898895   0,0,123,-50,274,100;1,0,-15,135,384,100;2,0,-123,-26,245,100 
 0.0513498783112   0,0,115,-48,263,100;2,0,-127,-24,251,100 
 0.0522720813751   0,0,113,-47,263,100;2,0,-128,-23,251,100 
 0.0498600006104   0,0,111,-47,265,100;2,0,-135,-14,259,100 
 0.0496039390564   0,0,110,-48,265,100;1,0,-15,137,389,100;2,0,-136,-13,259,100 
 0.0510129928589   0,0,113,-50,276,100;2,0,-142,-8,265,100 
 0.053092956543   0,0,113,-50,279,100;2,0,-151,-7,276,100 
 0.0529360771179   0,0,111,-51,281,100;2,0,-13,-156,389,100 
 0.0502910614014   0,0,109,-50,281,100;1,0,-15,138,394,100 
 0.0513939857483   0,0,107,-51,286,100 
 0.0519008636475   0,0,104,-51,286,100 
 0.052873134613   0,0,103,-51,289,100 
 0.0497620105743   0,0,100,-51,289,100 
 0.0510878562927   0,0,98,-51,289,100 
 0.0530362129211   0,0,97,-51,294,100 
 0.055056810379   0,0,92,-50,291,100 
 0.0456399917603   0,0,91,-51,294,100 
 0.0521750450134   0,0,89,-50,294,100 
 0.0547680854797   0,0,85,-49,294,100;2,0,-17,-156,389,100 
 0.0500199794769   0,0,76,-49,305,100 
 0.0515398979187   0,0,81,-50,299,100 
 0.0517830848694   0,0,82,-53,308,100 
 0.0515909194946   0,0,84,-54,314,100 
 0.0504260063171   0,0,71,-55,320,100;1,0,-19,140,398,100 
 0.050311088562   0,0,77,-54,317,100 
 0.0508120059967   0,0,72,-54,320,100 
 0.0501191616058   0,0,70,-53,330,100;1,0,-15,138,394,100 
 0.0510108470917   0,0,76,-54,333,100;2,0,-8,-156,389,100 
 0.0527851581573   0,0,60,-55,344,100 
 0.0541689395905   0,0,67,-54,337,100 
 0.0496680736542   0,0,64,-54,344,100 
 0.0522758960724   0,0,79,-55,359,100;2,0,-14,-158,394,100 
 0.0544319152832   0,0,62,-53,355,100 
 0.0513761043549   0,0,53,-54,355,100;1,0,-15,138,394,100 
 0.0523579120636   0,0,57,-53,359,100;1,0,-15,140,398,100 
 0.0507271289825   0,0,48,-53,367,100 
 0.0526959896088   0,0,70,-54,375,100 
 0.0554430484772   0,0,49,-53,371,100 
 0.0505208969116   0,0,63,-55,384,100 
 0.0538671016693   0,0,49,-55,375,100 
 0.0530278682709   2,0,-13,-156,389,100 
 0.0530309677124   0,0,47,-55,384,100;1,0,-15,138,394,100 
 0.0510401725769   0,0,56,-56,394,100;2,0,-15,-156,389,100 
 0.0546398162842   0,0,37,-56,389,100;2,0,-14,-158,394,100 
 0.0482141971588   0,0,34,-56,394,100;1,0,-15,137,389,100 
 0.0506210327148   0,0,36,-56,394,100 
 0.0529019832611   0,0,30,-54,394,100;1,0,-15,142,403,100 
 0.051558971405   0,0,29,-53,398,100;2,0,-17,-156,389,100 
 0.0528078079224   0,0,47,-54,409,100 
 0.0525441169739   0,0,47,-55,419,100 
 0.0527830123901   0,0,25,-55,409,100 
 0.0515549182892   0,0,24,-55,414,100;1,0,-15,138,394,100 
 0.0496120452881   0,0,20,-56,419,100;2,0,-14,-158,394,100 
 0.0516510009766   0,0,19,-58,430,100;1,0,-15,138,394,100 
 0.0520141124725   0,0,17,-58,430,100 
 0.0514550209045   0,0,15,-58,436,100 
 0.0522458553314   0,0,13,-58,436,100 
 0.0514430999756   0,0,11,-58,448,100;1,0,-15,138,394,100 
 0.0535449981689   0,0,10,-60,448,100 
 0.0517480373383   1,0,-15,138,394,100 
 0.0536768436432   0,0,7,-60,454,100;1,0,-15,140,398,100 
 0.0509209632874   0,0,3,-59,461,100;2,0,-8,-158,394,100 
 0.0530560016632   0,0,2,-59,461,100 
 0.0533270835876   0,0,9,-58,467,100 
 0.0536351203918   0,0,-12,-59,481,100;2,0,-14,-158,394,100 
 0.0512909889221   0,0,-8,-60,481,100;2,0,-14,-158,394,100 
 0.0528848171234   0,0,-15,-60,488,100 
 0.0521800518036   0,0,-1,-60,488,100 
 0.053081035614   0,0,-11,-61,496,100 
 0.0523540973663   0,0,-14,-62,503,100 
 0.0535719394684   0,0,-15,-63,503,100 
 0.0539338588715   0,0,-18,-64,503,100 
 0.0535581111908   0,0,-21,-63,503,100;2,0,-15,-156,389,100 
 0.0539939403534   0,0,-26,-62,503,100 
 0.0555701255798   0,0,-26,-61,503,100;2,0,-28,-154,384,100 
 0.0562989711761   0,0,-39,-62,511,100;2,0,-8,-156,389,100 
 0.0560028553009   0,0,-33,-61,511,100 
 0.0598051548004   0,0,-42,-48,511,100;1,0,-15,138,394,100 
 0.0559370517731   0,0,-51,-42,520,100 
 0.0556697845459   0,0,-51,-42,520,100 
 0.0562062263489   0,0,-50,-39,528,100;2,0,-15,-158,394,100 
 0.0569758415222   1,0,-15,138,394,100 
 0.051155090332   0,0,-51,-59,537,100;2,0,-13,-158,394,100 
 0.0517928600311   1,0,-15,137,389,100;2,0,-31,-156,389,100 
 0.0566399097443   1,0,-19,140,398,100 
 0.053297996521   1,0,-15,137,389,100;1,1,120,-12,257,100;2,0,-13,-156,389,100 
 0.0510649681091   1,0,117,-14,255,100 
 0.0533120632172   1,0,117,-45,261,100 
 0.0555739402771   1,0,114,-46,255,100 
 0.0503978729248   1,0,110,-45,249,100 
 0.0524950027466   1,0,108,-45,247,100 
 0.0490651130676   1,0,107,-45,247,100 
 0.0531480312347   1,0,106,-45,245,100 
 0.0528528690338   1,0,103,-45,241,100 
 0.0540750026703   1,0,100,-44,234,100 
 0.0535340309143   1,0,98,-43,233,100 
 0.0543429851532   1,0,97,-43,229,100;2,0,-8,-158,394,100 
 0.0556640625   1,0,94,-42,225,100 
 0.0567018985748   1,0,91,-43,220,100 
 0.0548741817474   1,0,88,-43,214,100 
 0.0532348155975   1,0,87,-43,213,100 
 0.0548470020294   1,0,86,-44,211,100 
 0.0529391765594   1,0,83,-43,207,100 
 0.0633888244629   1,0,81,-44,206,100 
 0.0486731529236   1,0,79,-44,202,100 
 0.0525879859924   1,0,78,-43,201,100;2,0,-17,-156,389,100 
 0.0547919273376   1,0,76,-43,197,100;2,0,-14,-158,394,100 
 0.0520000457764   1,0,75,-45,197,100 
 0.0537030696869   1,0,73,-44,194,100 
 0.05490899086   1,0,71,-44,193,100 
 0.0545859336853   1,0,71,-44,193,100 
 0.0505471229553   1,0,67,-43,189,100 
 0.052078962326   1,0,66,-44,188,100;2,0,-14,-158,394,100 
 0.0537149906158   1,0,64,-42,185,100 
 0.0531489849091   1,0,60,-41,181,100 
 0.0543539524078   1,0,57,-41,177,100 
 0.0539579391479   1,0,55,-42,177,100 
 0.0525550842285   1,0,50,-42,173,100 
 0.0544829368591   1,0,48,-43,172,100 
 0.0540599822998   1,0,46,-43,171,100 
 0.0551719665527   1,0,42,-43,169,100 
 0.0509190559387   1,0,41,-43,169,100 
 0.0510439872742   1,0,39,-43,167,100 
 0.0519349575043   1,0,35,-42,164,100;2,0,-15,-158,394,100 
 0.0511419773102   1,0,33,-41,163,100 
 0.0539841651917   1,0,31,-41,163,100 
 0.0497708320618   1,0,30,-41,163,100 
 0.0500781536102   1,0,29,-41,163,100 
 0.0482530593872   1,0,26,-41,163,100 
 0.0469408035278   1,0,24,-41,164,100 
 0.0481350421906   1,0,20,-39,165,100 
 0.0468561649323   1,0,17,-39,164,100 
 0.0468628406525   1,0,96,137,389,100;1,1,14,-37,163,100 
 0.0473699569702   1,0,11,-37,164,100 
 0.0472640991211   1,0,89,135,384,100;1,1,9,-37,164,100 
 0.0468969345093   1,0,5,-37,163,100 
 0.0465929508209   1,0,4,-38,163,100 
 0.0464220046997   1,0,3,-37,159,100 
 0.0455780029297   1,0,1,-37,159,100 
 0.0456800460815   1,0,0,-36,158,100 
 0.04603099823   1,0,-1,-36,157,100 
 0.0473899841309   1,0,-3,-36,156,100 
 0.0478200912476   1,0,-3,-36,156,100 
 0.0468468666077   1,0,-5,-36,156,100 
 0.0457291603088   1,0,-6,-36,154,100 
 0.0470368862152   1,0,-8,-36,153,100;2,0,-15,-156,389,100 
 0.0466370582581   1,0,-10,-36,152,100 
 0.0477719306946   1,0,53,135,384,100;1,1,-12,-36,151,100 
 0.0459270477295   1,0,-14,-36,149,100;2,0,-14,-156,389,100 
 0.0451850891113   1,0,-15,-36,148,100;2,0,-15,-156,389,100 
 0.0453188419342   1,0,50,137,389,100;1,1,-19,-36,146,100 
 0.0484211444855   1,0,-19,-37,145,100 
 0.0457248687744   1,0,49,138,394,100;1,1,-19,-37,145,100 
 0.0474400520325   1,0,46,138,394,100;1,1,-21,-37,143,100 
 0.0479741096497   1,0,-22,-37,143,100 
 0.0496129989624   1,0,-23,-38,144,100 
 0.0506730079651   1,0,-24,-38,143,100;2,0,-14,-158,394,100 
 0.0538759231567   1,0,-25,-38,144,100;2,0,-16,-156,389,100 
 0.0447869300842   1,0,-25,-39,146,100 
 0.0493080615997   1,0,-25,-39,148,100 
 0.0490899085999   1,0,-26,-39,149,100 
 0.0476779937744   1,0,45,137,389,100;1,1,-27,-39,151,100 
 0.0508561134338   1,0,-26,-39,151,100 
 0.0515608787537   1,0,-28,-39,152,100;2,0,-13,-156,389,100 
 0.0501210689545   1,0,-28,-40,153,100 
 0.0506489276886   1,0,-29,-40,153,100 
 0.0519351959229   1,0,-29,-40,154,100;2,0,-15,-156,389,100 
 0.0512049198151   1,0,-30,-39,154,100 
 0.0498449802399   1,0,43,138,394,100;1,1,-30,-39,155,100 
 0.0523281097412   1,0,-31,-40,155,100 
 0.0494768619537   1,0,-31,-40,156,100 
 0.0495059490204   1,0,-31,-40,156,100 
 0.049880027771   1,0,42,137,389,100;1,1,-32,-40,157,100 
 0.0525660514832   1,0,-31,-39,157,100;2,0,-22,-156,389,100 
 0.0476739406586   1,0,-32,-39,157,100 
 0.0486891269684   1,0,-32,-40,158,100 
 0.0488538742065   1,0,-32,-40,159,100 
 0.0501320362091   1,0,42,138,394,100;1,1,-32,-40,159,100 
 0.0525181293488   1,0,-32,-40,159,100 
 0.0489499568939   1,0,-32,-40,159,100 
 0.0496549606323   1,0,-32,-40,159,100 
 0.0518760681152   1,0,-32,-40,159,100 
 0.0524628162384   1,0,-32,-40,159,100 
 0.0470371246338   1,0,-33,-40,159,100 
 0.0491139888763   1,0,-32,-40,159,100 
 0.0495550632477   1,0,-33,-40,159,100 
 0.049880027771   1,0,-33,-40,159,100;2,0,-29,-156,389,100 
 0.0500040054321   1,0,42,137,389,100;1,1,-32,-40,160,100 
 0.0514469146729   1,0,-33,-39,159,100;2,0,-14,-158,394,100 
 0.049674987793   1,0,-33,-40,159,100 
 0.0515079498291   1,0,-33,-39,159,100 
 0.0519919395447   1,0,-33,-39,159,100 
 0.0497100353241   1,0,-33,-39,159,100 
 0.0504519939423   1,0,-33,-39,159,100 
 0.0507261753082   1,0,-33,-39,159,100 
 0.0517017841339   1,0,-33,-39,159,100 
 0.0503840446472   1,0,-33,-39,159,100 
 0.050173997879   1,0,-33,-39,159,100;2,0,-13,-156,389,100 
 0.0520989894867   1,0,-33,-39,159,100 
 0.0503990650177   1,0,-33,-39,159,100 
 0.0502729415894   1,0,-33,-40,160,100 
 0.0501341819763   1,0,42,140,398,100;1,1,-34,-39,159,100 
 0.0514059066772   1,0,-34,-40,160,100;2,0,-13,-156,389,100 
 0.0504350662231   1,0,-34,-40,160,100;2,0,-15,-158,394,100 
 0.0503098964691   1,0,-34,-40,160,100 
 0.0494589805603   1,0,-34,-40,161,100 
 0.0481650829315   1,0,-34,-39,160,100 
 0.0421869754791   1,0,-34,-40,160,100;2,0,-8,-156,389,100 
 0.0441629886627   1,0,-34,-40,160,100 
 0.0437650680542   1,0,-34,-40,160,100 
 0.042219877243   1,0,-34,-40,160,100 
 0.0437779426575   1,0,-34,-40,160,100 
 0.0447731018066   1,0,-34,-40,160,100 
 0.0440011024475   1,0,-34,-40,160,100 
 0.0441038608551   1,0,-34,-40,161,100 
 0.0454430580139   1,0,-34,-40,161,100 
 0.0440320968628   1,0,-34,-39,159,100 
 0.0438859462738   1,0,-34,-40,160,100 
 0.0444259643555   1,0,42,138,394,100;1,1,-34,-40,160,100 
 0.0444450378418   1,0,-34,-40,161,100 
 0.0447099208832   1,0,-34,-40,161,100 
 0.0456330776215   1,0,-34,-40,161,100 
 0.0444040298462   1,0,-34,-40,160,100 
 0.0442378520966   1,0,-34,-40,160,100 
 0.0430729389191   1,0,-34,-40,160,100 
 0.0465850830078   1,0,-34,-40,161,100 
 0.0418000221252   1,0,42,138,394,100;1,1,-34,-40,161,100 
 0.0426080226898   1,0,-34,-40,160,100;2,0,-15,-158,394,100 
 0.0435769557953   1,0,-34,-40,161,100 
 0.044007062912   1,0,-34,-40,161,100 
 0.0452568531036   1,0,-34,-40,163,100 
 0.0465381145477   1,0,-35,-40,162,100 
 0.041316986084   1,0,-35,-40,162,100 
 0.0426831245422   1,0,41,137,389,100;1,1,-35,-40,163,100 
 0.0431969165802   1,0,-35,-40,162,100 
 0.0415089130402   1,0,-35,-39,161,100 
 0.0437481403351   1,0,-35,-40,163,100 
 0.0440878868103   1,0,-35,-39,163,100 
 0.0433931350708   1,0,37,137,389,100;1,1,-35,-38,161,100 
 0.0438458919525   1,0,-35,-38,161,100 
 0.042671918869   1,0,-35,-38,160,100 
 0.0436091423035   1,0,36,138,394,100;1,1,-36,-37,161,100 
 0.04345703125   1,0,-37,-38,163,100 
 0.0440039634705   1,0,-37,-38,163,100 
 0.0442080497742   1,0,-38,-37,164,100 
 0.0433049201965   1,0,36,138,394,100;1,1,-39,-38,165,100 
 0.0435619354248   1,0,-39,-37,166,100 
 0.0449030399323   1,0,35,138,394,100;1,1,-39,-37,168,100 
 0.0445549488068   1,0,-40,-37,169,100 
 0.0448529720306   1,0,-41,-37,170,100 
 0.0439491271973   1,0,34,138,394,100;1,1,-41,-37,171,100;2,0,-15,-156,389,100 
 0.0469510555267   1,0,-41,-37,171,100 
 0.0440299510956   1,0,-41,-37,173,100 
 0.042072057724   1,0,33,137,389,100;1,1,-41,-37,173,100 
 0.0438950061798   1,0,33,138,394,100;1,1,-41,-37,174,100 
 0.0434989929199   1,0,-42,-37,176,100 
 0.0452527999878   1,0,-43,-38,182,100 
 0.0430510044098   1,0,35,138,394,100;1,1,-44,-38,185,100 
 0.0433211326599   1,0,35,138,394,100;1,1,-44,-38,186,100 
 0.0421328544617   1,0,36,138,394,100;1,1,-45,-38,189,100;2,0,-14,-158,394,100 
 0.0443601608276   1,0,58,140,398,100;1,1,-44,-38,189,100 
 0.0439479351044   1,0,-44,-38,191,100 
 0.0441040992737   1,0,-44,-37,194,100 
 0.0464329719543   1,0,-44,-37,195,100 
 0.0427949428558   1,0,-44,-38,196,100 
 0.0429949760437   1,0,-43,-37,199,100 
 0.0468680858612   1,0,-41,-38,205,100 
 0.0464179515839   1,0,40,138,394,100;1,1,-41,-38,207,100 
 0.0463929176331   1,0,-40,-38,209,100 
 0.04390001297   1,0,63,138,394,100;1,1,-40,-38,211,100;2,0,-15,-156,389,100 
 0.0445830821991   1,0,-39,-39,214,100 
 0.0378069877625   1,0,-38,-39,219,100 
 0.0417399406433   1,0,64,137,389,100;1,1,-37,-40,220,100 
 0.0446209907532   1,0,66,138,394,100;1,1,-37,-40,222,100 
 0.0449550151825   1,0,-36,-40,226,100 
 0.0445311069489   1,0,-36,-41,228,100 
 0.0443468093872   1,0,-35,-41,229,100 
 0.044869184494   1,0,-15,138,394,100;1,1,-36,-41,233,100 
 0.0447218418121   1,0,50,137,389,100;1,1,-36,-41,234,100 
 0.0403130054474   1,0,-22,138,394,100;1,1,-35,-40,234,100 
 0.0450580120087   1,0,-15,138,394,100;1,1,-35,-41,236,100 
 0.0444860458374   1,0,52,138,394,100;1,1,-36,-40,240,100 
 0.044086933136   1,0,-36,-39,243,100 
 0.0443720817566   1,0,-37,-40,247,100 
 0.0480210781097   1,0,-35,-39,247,100;2,0,-14,-158,394,100 
 0.0450010299683   1,0,-38,-39,251,100 
 0.0392107963562   1,0,-15,138,394,100;1,1,-39,-40,255,100;2,0,-21,-156,389,100 
 0.0440981388092   1,0,-41,-40,259,100 
 0.043860912323   1,0,-42,-39,263,100 
 0.044095993042   1,0,-43,-39,265,100 
 0.0447080135345   1,0,-44,-39,267,100 
 0.0435421466827   1,0,-46,-39,272,100;2,0,-15,-156,389,100 
 0.0443408489227   1,0,-47,-40,274,100 
 0.0437190532684   1,0,-48,-39,276,100 
 0.0437889099121   1,0,-48,-39,279,100 
 0.0433580875397   1,0,-15,138,394,100;1,1,-48,-40,281,100 
 0.0443840026855   1,0,-15,138,394,100;1,1,-49,-40,284,100 
 0.0440790653229   1,0,-49,-40,286,100 
 0.0434148311615   1,0,-51,-40,291,100;2,0,-14,-158,394,100 
 0.0431611537933   1,0,-15,140,398,100;1,1,-52,-41,294,100 
 0.0450520515442   1,0,-53,-40,294,100 
 0.0422258377075   1,0,-53,-41,294,100 
 0.0502610206604   1,0,-52,-41,297,100 
 0.0382189750671   1,0,-15,142,403,100;1,1,-51,-41,302,100 
 0.0422520637512   1,0,-15,138,394,100;1,1,-51,-40,305,100 
 0.0438549518585   1,0,-51,-40,308,100 
 0.0462579727173   1,0,-50,-40,311,100;2,0,-8,-156,389,100 
 0.0403850078583   1,0,-15,137,389,100;1,1,-48,-40,311,100 
 0.0437321662903   1,0,-47,-39,314,100 
 0.0434319972992   1,0,-46,-39,317,100 
 0.0433948040009   1,0,-46,-39,320,100 
 0.0438690185547   1,0,-45,-41,326,100 
 0.0432870388031   1,0,-44,-41,326,100 
 0.0445420742035   1,0,-42,-42,330,100 
 0.0437350273132   1,0,-39,-41,330,100 
 0.0437688827515   1,0,-39,-41,330,100 
 0.0441200733185   1,0,-37,-41,333,100 
 0.0437319278717   1,0,-37,-41,337,100 
 0.0435111522675   1,0,-15,138,394,100;1,1,-37,-41,337,100 
 0.0473489761353   1,0,-35,-42,340,100;2,0,-20,-154,384,100 
 0.043879032135   1,0,-33,-41,340,100 
 0.0430729389191   1,0,-32,-41,340,100 
 0.0432789325714   1,0,-32,-41,340,100 
 0.0434069633484   1,0,-15,137,389,100;1,1,-30,-41,340,100 
 0.040030002594   1,0,-15,137,389,100;1,1,-29,-42,340,100 
 0.0460979938507   1,0,-28,-43,340,100;2,0,-13,-158,394,100 
 0.0443720817566   1,0,-15,137,389,100;1,1,-24,-42,333,100 
 0.0434539318085   1,0,-23,-41,333,100 
 0.0445351600647   1,0,-22,-40,333,100 
 0.0452179908752   1,0,-21,-39,333,100;2,0,-15,-156,389,100 
 0.0439867973328   1,0,-20,-39,333,100;2,0,-8,-158,394,100 
 0.0451951026917   1,0,-20,-40,340,100 
 0.0442299842834   1,0,-16,-39,340,100;2,0,-15,-156,389,100 
 0.0428600311279   1,0,-15,-39,344,100 
 0.0425479412079   1,0,-15,-40,344,100 
 0.0438001155853   1,0,-15,137,389,100;1,1,-13,-41,347,100;2,0,-15,-158,394,100 
 0.0415558815002   1,0,-11,-41,347,100 
 0.0434379577637   1,0,-10,-41,347,100 
 0.0454280376434   1,0,-8,-40,347,100 
 0.0441370010376   1,0,-5,-41,351,100 
 0.0418710708618   1,0,-3,-41,355,100 
 0.0439519882202   1,0,-3,-40,355,100 
 0.0438559055328   1,0,0,-41,355,100 
 0.044399023056   1,0,-1,-40,355,100 
 0.0452530384064   1,0,-14,128,363,100;1,1,2,-39,359,100 
 0.0439219474792   1,0,4,-40,359,100;2,0,-13,-156,389,100 
 0.0434720516205   1,0,5,-40,359,100 
 0.0428919792175   1,0,-24,137,389,100;1,1,7,-40,359,100;2,0,-15,-156,389,100 
 0.0438179969788   1,0,8,-41,363,100;2,0,-48,-156,389,100 
 0.0448501110077   1,0,-15,140,398,100;1,1,9,-39,359,100 
 0.0422780513763   1,0,10,-41,363,100 
 0.0441238880157   1,0,15,-42,367,100 
 0.043487071991   1,0,17,-40,367,100 
 0.0442419052124   1,0,22,-40,367,100;2,0,-16,-158,394,100 
 0.0453610420227   1,0,21,-40,367,100 
 0.0437850952148   1,0,23,-39,363,100 
 0.0432078838348   1,0,23,-36,359,100 
 0.0449559688568   1,0,-15,138,394,100;1,1,22,-39,359,100 
 0.0421171188354   1,0,24,-37,355,100 
 0.0435779094696   1,0,23,-37,355,100 
 0.0449039936066   1,0,-15,135,384,100;1,1,26,-39,363,100 
 0.043536901474   1,0,28,-39,367,100 
 0.0456809997559   1,0,31,-40,367,100 
 0.0446810722351   1,0,-15,140,398,100;1,1,35,-41,367,100 
 0.0446381568909   1,0,-15,140,398,100;1,1,36,-42,367,100 
 0.0432798862457   1,0,38,-42,367,100;2,0,-14,-156,389,100 
 0.0438680648804   1,0,40,-42,367,100 
 0.0453078746796   1,0,46,-46,363,100 
 0.0405759811401   1,0,-15,137,389,100;1,1,50,-41,359,100 
 0.0437541007996   1,0,52,-40,351,100 
 0.0441749095917   1,0,54,-40,351,100;2,0,-15,-156,389,100 
 0.0426151752472   1,0,57,-41,347,100 
 0.0436158180237   1,0,-15,138,394,100;1,1,58,-41,347,100;2,0,-15,-158,394,100 
 0.0453979969025   1,0,60,-39,347,100 
 0.0434551239014   1,0,-15,137,389,100;1,1,64,-39,347,100 
 0.0433650016785   1,0,65,-39,347,100 
 0.0436978340149   1,0,68,-39,347,100;2,0,-15,-158,394,100 
 0.0439701080322   1,0,69,-39,347,100 
 0.0429110527039   1,0,-15,138,394,100;1,1,72,-39,351,100 
 0.043664932251   1,0,74,-38,347,100 
 0.0443630218506   1,0,-24,138,394,100;1,1,78,-39,351,100 
 0.0450870990753   1,0,82,-39,351,100 
 0.0431349277496   1,0,83,-37,351,100;2,0,-15,-158,394,100 
 0.0444750785828   1,0,85,-39,351,100 
 0.0441789627075   1,0,88,-38,351,100;2,0,-15,-158,394,100 
 0.0442478656769   1,0,92,-39,351,100 
 0.0434169769287   1,0,95,-39,351,100;2,0,-15,-156,389,100 
 0.0448861122131   1,0,-15,140,398,100;1,1,99,-39,355,100;2,0,-9,-158,394,100 
 0.0440239906311   1,0,105,-40,355,100 
 0.0452859401703   1,0,108,-40,355,100 
 0.0438649654388   1,0,110,-41,355,100 
 0.0438051223755   1,0,113,-40,355,100 
 0.0449738502502   1,0,-15,138,394,100;1,1,118,-40,355,100 
 0.0435311794281   1,0,118,-39,351,100 
 0.04558801651   1,0,124,-41,355,100 
 0.0443840026855   1,0,124,-38,351,100 
 0.0429029464722   1,0,128,-40,355,100;2,0,-13,-156,389,100 
 0.0429399013519   1,0,130,-39,355,100;2,0,-15,-156,389,100 
 0.0450780391693   1,0,133,-38,355,100 
 0.0440499782562   1,0,134,-39,355,100 
 0.0440330505371   1,0,135,-40,355,100;2,0,-15,-158,394,100 
 0.0450520515442   1,0,137,-37,355,100 
 0.0444600582123   1,0,142,-38,363,100 
 0.0413348674774   1,0,144,-39,367,100;2,0,-15,-156,389,100 
 0.0437550544739   1,0,146,-41,367,100;2,0,-15,-160,398,100 
 0.0457439422607   1,0,147,-40,367,100 
 0.0429611206055   1,0,148,-40,367,100 
 0.0456449985504   1,0,149,-41,367,100;2,0,-23,-156,389,100 
 0.0460319519043   1,0,156,-43,375,100 
 0.049243927002   1,0,155,-42,371,100;2,0,-14,-158,394,100 
 0.0513000488281   1,0,157,-43,371,100 
 0.052356004715   1,0,161,-43,371,100 
 0.0537729263306   1,0,162,-43,367,100 
 0.0520539283752   1,0,165,-42,367,100;2,0,-48,-156,389,100 
 0.0502541065216   1,0,168,-41,371,100 
 0.0497159957886   1,0,169,-40,371,100;2,0,-13,-156,389,100 
 0.0523400306702   1,0,173,-30,375,100 
 0.047502040863   1,0,175,-23,375,100 
 0.0491118431091   1,0,176,-19,375,100 
 0.0512640476227   2,0,-13,-156,389,100 
 0.0542728900909   1,0,-15,137,389,100 
 0.0553209781647   0,0,93,-63,528,100 
 0.0581440925598   0,0,85,-63,537,100 
 0.0592679977417   0,0,93,-61,520,100;2,0,-23,-158,394,100 
 0.0560410022736   0,0,78,-62,528,100;1,0,-15,138,394,100 
 0.0639798641205   0,0,90,-62,520,100;2,0,-15,-158,394,100 
 0.0584361553192   0,0,89,-26,520,100 
 0.055566072464   0,0,93,-60,520,100 
 0.0570437908173   0,0,101,-63,520,100;1,0,-15,138,394,100 
 0.0528349876404   0,0,93,-61,503,100 
 0.0521850585938   0,0,92,-63,520,100;1,0,-15,140,398,100 
 0.0494740009308   0,0,109,-61,503,100 
 0.0532290935516   0,0,102,-62,503,100 
 0.0493478775024   0,0,102,-62,503,100 
 0.050763130188   0,0,97,-61,496,100;1,0,-15,137,389,100;2,0,-29,-156,389,100 
 0.0506279468536   0,0,89,-64,511,100 
 0.0521759986877   0,0,107,-60,488,100;2,0,-13,-156,389,100 
 0.0516979694366   0,0,105,-60,474,100;1,0,-15,137,389,100;2,0,-26,-156,389,100 
 0.0506319999695   0,0,106,-59,467,100 
 0.0495140552521   0,0,96,-62,488,100 
 0.0509119033813   0,0,102,-60,467,100;1,0,-23,137,389,100 
 0.049446105957   0,0,104,-61,467,100 
 0.0492939949036   0,0,115,-59,461,100;2,0,-18,-156,389,100 
 0.0507459640503   0,0,116,-62,461,100;1,0,-15,140,398,100 
 0.0482139587402   0,0,102,-62,461,100 
 0.0478100776672   0,0,108,-62,454,100;2,0,-15,-156,389,100 
 0.0513029098511   0,0,101,-62,461,100;1,0,-15,138,394,100;2,0,-13,-156,389,100 
 0.0490100383759   0,0,106,-62,454,100;1,0,-15,138,394,100 
 0.0436298847198   0,0,99,-63,461,100;1,0,-15,137,389,100;2,0,-15,-158,394,100 
 0.0489270687103   0,0,103,-61,454,100 
 0.0503480434418   0,0,106,-59,442,100 
 0.0496218204498   0,0,118,-61,436,100 
 0.0515961647034   0,0,115,-61,436,100;2,0,7,-158,394,100 
 0.0499749183655   0,0,124,-60,442,100 
 0.0500109195709   0,0,110,-58,436,100;1,0,-15,138,394,100;2,0,-13,-156,389,100 
 0.0486531257629   0,0,122,-59,436,100 
 0.0494320392609   0,0,107,-60,436,100 
 0.0507309436798   0,0,112,-61,436,100 
 0.0485029220581   0,0,126,-57,419,100 
 0.0488321781158   0,0,129,-58,419,100 
 0.0513248443604   0,0,124,-60,425,100 
 0.0490701198578   0,0,131,-59,419,100;1,0,-15,137,389,100 
 0.0499188899994   0,0,140,-60,419,100 
 0.0495030879974   0,0,143,-61,419,100;1,0,-15,137,389,100;2,0,-13,-158,394,100 
 0.0472078323364   0,0,143,-60,419,100 
 0.0510041713715   0,0,144,-58,414,100 
 0.0489230155945   0,0,146,-60,414,100 
 0.0503439903259   0,0,147,-60,414,100 
 0.0489568710327   0,0,148,-61,409,100;1,0,-15,137,389,100 
 0.0485191345215   0,0,150,-59,409,100;2,0,-14,-158,394,100 
 0.0489058494568   0,0,153,-59,409,100 
 0.049996137619   0,0,153,-59,403,100 
 0.0520148277283   0,0,154,-58,398,100;1,0,-15,137,389,100 
 0.0463230609894   0,0,157,-59,398,100 
 0.0485479831696   0,0,157,-59,394,100 
 0.0500841140747   0,0,157,-58,389,100;1,0,-15,138,394,100;2,0,-13,-156,389,100 
 0.0489108562469   0,0,157,-59,384,100;2,0,-14,-158,394,100 
 0.0487520694733   0,0,161,-60,384,100 
 0.050087928772   0,0,160,-59,380,100 
 0.0476970672607   0,0,160,-59,380,100 
 0.0482070446014   0,0,158,-58,371,100;2,0,-187,4,340,100 
 0.048928976059   0,0,157,-58,367,100;2,0,-186,4,340,100 
 0.0490338802338   0,0,158,-58,367,100;1,0,-15,137,389,100;2,0,-180,-2,333,100 
 0.0487170219421   0,0,154,-59,359,100;2,0,-187,-4,351,100 
 0.0486390590668   0,0,155,-59,359,100;2,0,-184,-3,344,100 
 0.0481889247894   0,0,157,-60,363,100;2,0,-184,-3,347,100 
 0.048534154892   0,0,158,-62,363,100;2,0,-180,-3,344,100 
 0.0446898937225   0,0,157,-59,359,100;2,0,-179,-5,347,100 
 0.0476970672607   0,0,159,-60,363,100;2,0,-178,-31,351,100;2,1,-9,-158,394,100 
 0.0484008789062   0,0,157,-57,355,100;2,0,-181,-33,359,100 
 0.0483520030975   0,0,157,-58,355,100;2,0,-179,-33,359,100;2,1,-29,-156,389,100 
 0.0480501651764   0,0,157,-57,355,100;2,0,-177,-33,359,100 
 0.0481989383698   0,0,157,-56,351,100;2,0,-172,-31,351,100 
 0.0483419895172   0,0,158,-54,351,100;1,0,-15,138,394,100;2,0,-171,-31,347,100 
 0.0475969314575   0,0,159,-49,351,100;2,0,-169,-30,344,100 
 0.0480711460114   0,0,164,-39,359,100;2,0,-167,-30,340,100 
 0.0465979576111   2,0,-168,-29,340,100 
 0.0466859340668   2,0,-165,-30,337,100 
 0.0471160411835   2,0,-165,-29,337,100 
 0.0455229282379   2,0,-163,-30,337,100 
 0.0432741641998   2,0,-161,-30,337,100 
 0.0437748432159   2,0,-155,-31,333,100 
 0.0463080406189   2,0,-155,-30,337,100 
 0.0421469211578   2,0,-153,-31,337,100;2,1,-13,-156,389,100 
 0.0407440662384   2,0,-152,-29,337,100 
 0.0437350273132   2,0,-148,-30,337,100;2,1,-15,-158,394,100 
 0.0449850559235   2,0,-147,-30,337,100 
 0.044576883316   2,0,-145,-29,337,100 
 0.0437531471252   2,0,-146,-29,340,100 
 0.0469968318939   2,0,-143,-30,340,100 
 0.0448172092438   2,0,-142,-29,340,100;2,1,-31,-156,389,100 
 0.0439689159393   2,0,-140,-30,340,100 
 0.0390288829803   2,0,-139,-29,340,100 
 0.040155172348   2,0,-137,-29,340,100 
 0.0445659160614   2,0,-132,-30,337,100 
 0.0450260639191   2,0,-131,-30,337,100;2,1,-29,-156,389,100 
 0.0428068637848   2,0,-128,-28,337,100 
 0.0448789596558   2,0,-127,-29,337,100 
 0.0436811447144   1,0,-15,138,394,100;2,0,-125,-29,340,100 
 0.0446529388428   2,0,-122,-29,340,100 
 0.0431160926819   2,0,-119,-28,337,100 
 0.0463998317719   1,0,-15,138,394,100;2,0,-117,-30,337,100 
 0.0395321846008   2,0,-114,-32,337,100 
 0.0423350334167   2,0,-113,-31,337,100 
 0.0481119155884   2,0,-110,-30,337,100 
 0.0436930656433   2,0,-102,-31,330,100 
 0.0430819988251   2,0,-101,-31,330,100 
 0.0434520244598   2,0,-100,-31,330,100 
 0.0449237823486   1,0,-16,138,394,100;2,0,-97,-30,330,100 
 0.0447390079498   2,0,-95,-30,326,100;2,1,-17,-156,389,100 
 0.044646024704   1,0,-15,138,394,100;2,0,-92,-30,326,100 
 0.0425341129303   2,0,-87,-32,326,100 
 0.0419449806213   2,0,-85,-31,326,100 
 0.0442700386047   2,0,-83,-30,326,100;2,1,-15,-156,389,100 
 0.0432920455933   2,0,-82,-30,326,100 
 0.0441060066223   2,0,-80,-30,330,100;2,1,-13,-156,389,100 
 0.044282913208   2,0,-77,-30,330,100 
 0.0439119338989   2,0,-75,-28,330,100 
 0.0426449775696   2,0,-74,-28,330,100 
 0.044370174408   2,0,-71,-28,330,100 
 0.0401599407196   1,0,-15,138,394,100;2,0,-69,-28,337,100 
 0.0466759204865   2,0,-65,-29,333,100 
 0.0404551029205   2,0,-65,-30,333,100 
 0.0443029403687   2,0,-64,-29,337,100;2,1,-13,-156,389,100 
 0.0405139923096   2,0,-62,-29,333,100 
 0.0445010662079   2,0,-61,-28,337,100 
 0.0443120002747   1,0,-15,137,389,100;2,0,-60,-29,337,100 
 0.0433568954468   2,0,-59,-29,337,100 
 0.0422360897064   2,0,-56,-29,340,100 
 0.0456898212433   2,0,-53,-28,337,100 
 0.0428910255432   2,0,-54,-29,340,100 
 0.0436880588531   2,0,-52,-28,337,100 
 0.0440831184387   2,0,-51,-28,337,100 
 0.0443069934845   2,0,-50,-28,337,100 
 0.0415990352631   2,0,-46,-28,337,100 
 0.0436768531799   2,0,-43,-29,340,100 
 0.0440061092377   2,0,-40,-28,340,100;2,1,-15,-156,389,100 
 0.0434839725494   2,0,-40,-28,337,100 
 0.0439889431   2,0,-37,-29,337,100 
 0.044625043869   2,0,-35,-28,337,100 
 0.0426709651947   2,0,-31,-29,333,100 
 0.0423350334167   2,0,-29,-29,337,100 
 0.0451979637146   0,0,41,-194,537,100;2,0,-27,-28,337,100 
 0.0451929569244   2,0,-25,-28,333,100 
 0.0420429706573   2,0,-22,-28,330,100;2,1,-15,-158,394,100 
 0.0417511463165   2,0,-17,-28,330,100 
 0.0416369438171   2,0,-16,-28,326,100 
 0.0438079833984   2,0,-14,-29,323,100 
 0.0431900024414   2,0,-12,-29,320,100 
 0.0446779727936   1,0,-24,138,394,100;2,0,-11,-29,323,100 
 0.0439059734344   2,0,-8,-29,323,100 
 0.0442991256714   1,0,-15,138,394,100;2,0,-4,-31,323,100;2,1,-15,-158,394,100 
 0.0441229343414   2,0,0,-31,320,100 
 0.0423920154572   2,0,1,-31,320,100;2,1,-15,-156,389,100 
 0.0403990745544   2,0,4,-33,323,100 
 0.0429239273071   2,0,7,-31,320,100 
 0.0443949699402   1,0,-15,140,398,100;2,0,12,-32,320,100 
 0.0444340705872   2,0,14,-30,317,100 
 0.043881893158   2,0,17,-30,317,100 
 0.0454080104828   2,0,19,-29,317,100 
 0.0432200431824   2,0,24,-29,317,100;2,1,-14,-158,394,100 
 0.0433559417725   2,0,29,-28,314,100 
 0.044440984726   2,0,33,-28,314,100 
 0.0483751296997   2,0,36,-28,314,100;2,1,-14,-158,394,100 
 0.0513048171997   2,0,45,-28,317,100 
 0.0467810630798   2,0,48,-29,317,100 
 0.0449850559235   2,0,53,-30,314,100 
 0.0436890125275   2,0,53,-30,314,100 
 0.0432860851288   2,0,55,-29,308,100;2,1,-15,-156,389,100 
 0.0469739437103   1,0,-21,137,389,100;2,0,62,-30,305,100 
 0.0454800128937   2,0,67,-31,308,100 
 0.0446739196777   2,0,69,-30,305,100 
 0.0457999706268   2,0,77,-30,302,100 
 0.0462019443512   2,0,78,-30,302,100 
 0.0483150482178   2,0,79,-29,297,100 
 0.0502991676331   1,0,-15,140,398,100;2,0,82,-27,294,100 
 0.046856880188   2,0,88,-26,291,100 
 0.0469889640808   2,0,92,-27,289,100 
 0.045832157135   2,0,96,-26,289,100 
 0.0452969074249   2,0,107,-27,289,100 
 0.0454339981079   2,0,109,-28,284,100 
 0.0441830158234   2,0,110,-28,279,100 
 0.0443120002747   2,0,115,-29,274,100 
 0.045578956604   2,0,115,-29,272,100 
 0.0467450618744   2,0,119,-28,274,100;2,1,-16,-156,389,100 
 0.042946100235   2,0,-55,-156,389,100 
 0.04345703125   2,0,133,-7,286,100;3,0,-162,-3,305,100 
 0.0480709075928   1,0,-15,138,394,100;2,0,139,-3,294,100;3,0,-158,-2,299,100 
 0.0465259552002   2,0,-14,-158,394,100;3,0,-154,-2,297,100 
 0.0462551116943   3,0,-149,-1,294,100 
 0.0466599464417   3,0,-149,-2,297,100 
 0.0459389686584   3,0,-149,-2,302,100 
 0.0473601818085   3,0,-144,-3,308,100 
 0.0473918914795   3,0,-141,-4,308,100 
 0.04993891716   2,0,-14,-156,389,100;3,0,-137,-4,317,100 
 0.0503861904144   3,0,-134,-4,317,100 
 0.0476748943329   3,0,-130,-3,323,100 
 0.0468499660492   3,0,-131,-2,330,100 
 0.0456609725952   3,0,-125,0,333,100 
 0.0464129447937   2,0,-15,-156,389,100;3,0,-127,-1,340,100 
 0.0460860729218   1,0,-15,137,389,100;2,0,-9,-156,389,100;3,0,-127,0,347,100 
 0.0457530021667   3,0,-110,1,351,100 
 0.0519530773163   1,0,-15,137,389,100;3,0,-113,1,351,100 
 0.0460860729218   3,0,-104,-2,359,100 
 0.0490639209747   3,0,-110,-1,367,100 
 0.0456590652466   1,0,-16,140,398,100;2,0,-15,-156,389,100;3,0,-97,-1,371,100 
 0.0462598800659   3,0,-97,-1,380,100 
 0.0468471050262   3,0,-93,-1,380,100 
 0.0470077991486   3,0,-92,-1,384,100 
 0.0458822250366   0,0,43,-191,528,100;3,0,-90,-1,384,100 
 0.0489277839661   3,0,-85,0,394,100 
 0.0492990016937   1,0,-15,138,394,100;3,0,-83,2,403,100 
 0.0475900173187   3,0,-70,2,403,100 
 0.0483820438385   2,0,-48,-156,389,100;3,0,-69,4,409,100 
 0.0465099811554   3,0,-78,5,419,100 
 0.0466439723969   3,0,-66,4,425,100 
 0.0470330715179   3,0,-66,3,436,100 
 0.0501120090485   3,0,-50,3,436,100 
 0.0486090183258   2,0,15,-158,394,100;3,0,-45,3,442,100 
 0.0483829975128   3,0,-41,3,448,100 
 0.0498349666595   3,0,-37,4,454,100 
 0.0473890304565   3,0,-12,8,474,100 
 0.048357963562   2,0,-15,-156,389,100;3,0,-25,8,461,100 
 0.0470290184021   1,0,-15,138,394,100;3,0,-21,9,474,100 
 0.0498328208923   3,0,-31,7,481,100 
 0.0496301651001   3,0,-23,8,488,100 
 0.0483920574188   2,0,-14,-158,394,100 
 0.0488510131836   3,0,-1,6,503,100 
 0.0505368709564   3,0,14,6,511,100 
 0.0508301258087   2,0,-15,-158,394,100;3,0,10,6,511,100 
 0.054114818573   3,0,16,7,511,100 
 0.0527381896973   3,0,14,9,520,100 
 0.0527119636536   2,0,-13,-156,389,100 
 0.0536267757416   1,0,-15,137,389,100 
 0.0493221282959   2,0,-14,-158,394,100 
 0.0461161136627   2,0,-15,-156,389,100 
 0.043478012085   1,0,-15,137,389,100 
 0.0447709560394   2,0,-17,-158,394,100 
 0.0470569133759   1,0,-15,138,394,100 
 0.0506420135498   2,0,-31,-156,389,100 
 0.0447280406952   2,0,-15,-156,389,100 
 0.0454478263855   2,0,-15,-156,389,100 
 0.0445020198822   1,0,-15,138,394,100 
 0.0482230186462   1,0,-15,138,394,100;2,0,-15,-158,394,100 
 0.0469779968262   2,0,-13,-156,389,100 
 0.0465078353882   2,0,-31,-156,389,100 
 0.0488839149475   1,0,-15,138,394,100 
 0.0482811927795   2,0,-19,-156,389,100 
 0.0457549095154   2,0,-13,-158,394,100 
 0.0501928329468   1,0,-15,140,398,100;2,0,-14,-156,389,100 
 0.0455839633942   1,0,-15,137,389,100 
 0.0447609424591   1,0,-15,138,394,100 
 0.0465431213379   2,0,-13,-158,394,100 
 0.0486559867859   2,0,48,-160,398,100 
 0.0446021556854   1,0,-15,140,398,100 
 0.0453190803528   1,0,-15,137,389,100;2,0,-8,-158,394,100 
 0.0462961196899   1,0,-15,138,394,100 
 0.0478157997131   2,0,-31,-156,389,100 
 0.0460560321808   1,0,-15,137,389,100 
 0.0462241172791   2,0,-14,-158,394,100 
 0.0479989051819   1,0,-15,138,394,100 
 0.0470399856567   2,0,-19,-156,389,100 
 0.0485532283783   1,0,-15,138,394,100 
 0.0474321842194   1,0,-15,138,394,100 
 0.0496578216553   1,0,-15,137,389,100 
 0.0469400882721   1,0,-15,140,398,100 
 0.0465371608734   1,0,-15,140,398,100 
 0.0474689006805   2,0,-29,-156,389,100 
 0.0486171245575   1,0,-15,137,389,100 
 0.0476160049438   2,0,-15,-158,394,100 
 0.046728849411   2,0,-14,-158,394,100 
 0.0450708866119   2,0,-23,-156,389,100 
 0.0484728813171   2,0,-15,-158,394,100 
 0.0440640449524   1,0,-15,137,389,100 
 0.0479409694672   1,0,-15,138,394,100 
 0.0491359233856   1,0,-15,138,394,100;2,0,-14,-158,394,100 
 0.0482280254364   2,0,-14,-158,394,100 
 0.043762922287   2,0,-15,-156,389,100 
 0.0469000339508   1,0,-15,137,389,100 
 0.0440239906311   2,0,-15,-156,389,100 
 0.0468149185181   1,0,-15,138,394,100 
 0.0443408489227   1,0,-15,138,394,100 
 0.0455632209778   1,0,-15,138,394,100 
 0.047022819519   1,0,-15,137,389,100 
 0.0460550785065   2,0,-14,-156,389,100 
 0.0422720909119   2,0,-24,-158,394,100 
 0.0405650138855   2,0,-30,-156,389,100 
 0.0426149368286   1,0,-15,138,394,100 
 0.0467531681061   2,0,-13,-156,389,100 
 0.0455448627472   2,0,-12,-158,394,100 
 0.0441560745239   2,0,-13,-156,389,100 
 0.0460441112518   2,0,-13,-156,389,100 
 0.0470550060272   2,0,-31,-156,389,100 
 0.0473830699921   1,0,-15,140,398,100 
 0.0476658344269   2,0,-25,-158,394,100 
 0.0465190410614   2,0,-54,-156,389,100 
 0.0449728965759   1,0,-15,142,403,100;2,0,-15,-158,394,100 
 0.0473320484161   1,0,-15,137,389,100 
 0.0481350421906   1,0,-15,137,389,100;2,0,-15,-158,394,100 
 0.0494980812073   1,0,-15,140,398,100;2,0,-15,-156,389,100 
 0.0477819442749   2,0,-32,-156,389,100 
 0.0465099811554   0,0,42,-194,537,100 
 0.0457088947296   1,0,-15,140,398,100 
 0.0437541007996   2,0,-31,-156,389,100 
 0.0465550422668   2,0,-14,-158,394,100 
 0.0481431484222   1,0,-15,138,394,100 
 0.0444710254669   1,0,-15,138,394,100 
 0.0451390743256   2,0,-31,-156,389,100 
 0.0445020198822   1,0,-15,138,394,100 
 0.0479850769043   1,0,-15,138,394,100 
 0.0445129871368   1,0,-15,142,403,100;2,0,-30,-156,389,100 
 0.0472190380096   1,0,-15,140,398,100 
 0.0492799282074   1,0,-16,138,394,100 
 0.0486421585083   1,0,-15,138,394,100 
 0.0501148700714   2,0,-17,-156,389,100 
 0.0457100868225   2,0,19,-158,394,100 
 0.0462419986725   1,0,-15,138,394,100 
 0.0448589324951   1,0,-15,137,389,100;2,0,-15,-158,394,100 
 0.0447351932526   1,0,-15,137,389,100 
 0.0441880226135   2,0,-29,-156,389,100 
 0.0454888343811   2,0,-15,-156,389,100 
 0.0488059520721   2,0,-14,-156,389,100 
 0.0442039966583   1,0,-15,140,398,100;2,0,-13,-156,389,100 
 0.0519349575043   1,0,-15,138,394,100 
 0.0463728904724   1,0,-15,137,389,100 
 0.0470950603485   2,0,-14,-158,394,100 
 0.0484051704407   2,0,-13,-156,389,100 
 0.0450990200043   1,0,-15,138,394,100;2,0,-28,-156,389,100 
 0.0480239391327   1,0,-15,137,389,100 
 0.0483660697937   2,0,-15,-156,389,100 
 0.0461211204529   2,0,-13,-156,389,100 
 0.0452690124512   2,0,-14,-156,389,100 
 0.0458312034607   2,0,-8,-158,394,100 
 0.0460460186005   2,0,-29,-156,389,100 
 0.0457320213318   1,0,-15,138,394,100;2,0,-31,-156,389,100 
 0.0478119850159   1,0,-15,138,394,100 
 0.0454530715942   2,0,-14,-158,394,100 
 0.0481708049774   1,0,-16,144,409,100 
 0.0495719909668   2,0,-17,-156,389,100 
 0.0448141098022   1,0,-15,135,384,100 
 0.0454921722412   1,0,-15,138,394,100 
 0.0459229946136   2,0,-20,-156,389,100 
 0.0459530353546   2,0,-30,-156,389,100 
 0.0498449802399   2,0,-15,-156,389,100 
 0.0431299209595   2,0,-15,-158,394,100 
 0.0504729747772   2,0,-14,-158,394,100 
 0.0444979667664   2,0,-10,-158,394,100 
 0.0477278232574   1,0,-17,140,398,100 
 0.0469009876251   1,0,-15,140,398,100;2,0,-29,-156,389,100 
 0.0396299362183   2,0,-14,-158,394,100 
 0.0481779575348   2,0,-47,-156,389,100 
 0.0440359115601   1,0,-15,138,394,100 
 0.0439660549164   2,0,-14,-158,394,100 
 0.0461769104004   1,0,-15,138,394,100 
 0.0455770492554   2,0,-14,-158,394,100 
 0.0463039875031   2,0,-29,-156,389,100 
 0.0438048839569   2,0,-29,-156,389,100 
 0.0482439994812   0,0,42,-194,537,100 
 0.0461761951447   1,0,-15,140,398,100 
 0.0439901351929   2,0,-13,-156,389,100 
 0.044713973999   1,0,-15,137,389,100 
 0.0409209728241   1,0,-15,138,394,100 
 0.0439369678497   2,0,-13,-156,389,100 
 0.0439159870148   1,0,-15,140,398,100 
 0.0436038970947   1,0,-15,138,394,100 
 0.044251203537   2,0,-8,-156,389,100 
 0.0452599525452   1,0,-15,138,394,100;2,0,-13,-156,389,100 
 0.0429239273071   1,0,-15,137,389,100;2,0,-8,-158,394,100 
 0.0451099872589   2,0,-8,-158,394,100 
 0.0420470237732   1,0,-15,138,394,100 
 0.0455429553986   2,0,-15,-158,394,100 
 0.0424349308014   1,0,-15,140,398,100 
 0.042083978653   2,0,-44,-156,389,100 
 0.0438590049744   1,0,-15,140,398,100 
 0.0437030792236   2,0,-14,-158,394,100 
 0.0455899238586   1,0,-15,137,389,100 
 0.0449090003967   1,0,-15,137,389,100 
 0.0458719730377   2,0,-8,-158,394,100 
 0.0439460277557   2,0,-13,-156,389,100 
 0.0445189476013   1,0,-15,140,398,100 
 0.0403380393982   1,0,-15,140,398,100 
 0.0440530776978   2,0,-13,-156,389,100 
 0.0442879199982   2,0,-29,-156,389,100 
 0.0441160202026   2,0,-49,-154,384,100 
 0.0400660037994   2,0,-13,-156,389,100 
 0.0421569347382   1,0,-23,137,389,100 
 0.0443518161774   2,0,-18,-154,384,100 
 0.043035030365   1,0,-15,140,398,100 
 0.0433180332184   2,0,-15,-158,394,100 
 0.0427358150482   1,0,-15,138,394,100 
 0.0432181358337   2,0,-29,-156,389,100 
 0.0444889068604   2,0,-8,-158,394,100 
 0.0425689220428   1,0,-15,138,394,100;2,0,-15,-156,389,100 
 0.0431439876556   1,0,-15,138,394,100 
 0.0450568199158   1,0,-15,140,398,100;2,0,-28,-156,389,100 
 0.043927192688   1,0,-15,138,394,100;2,0,-15,-156,389,100 
 0.0439591407776   2,0,-27,-156,389,100 
 0.0439240932465   1,0,-15,137,389,100 
 0.045793056488   2,0,-15,-156,389,100 
 0.0444190502167   2,0,-13,-158,394,100 
 0.0443251132965   2,0,-17,-156,389,100 
 0.0456478595734   1,0,-15,140,398,100 
 0.0437331199646   2,0,-14,-158,394,100 
 0.045471906662   2,0,-13,-158,394,100 
 0.043751001358   1,0,-15,137,389,100 
 0.0437488555908   2,0,-9,-158,394,100 
 0.0412352085114   2,0,-13,-156,389,100 
 0.0435078144073   1,0,-15,140,398,100 
 0.0451421737671   1,0,-15,137,389,100 
 0.0421550273895   1,0,-15,140,398,100 
 0.0453939437866   1,0,-15,138,394,100 
 0.0434541702271   1,0,-15,138,394,100 
 0.0452721118927   2,0,-13,-156,389,100 
 0.0449159145355   2,0,-15,-158,394,100 
 0.043848991394   2,0,-13,-156,389,100 
 0.0456590652466   2,0,-9,-158,394,100 
 0.0429110527039   2,0,-10,-158,394,100 
 0.0440781116486   2,0,-14,-158,394,100 
 0.0430681705475   1,0,-18,138,394,100 
 0.0432369709015   1,0,-15,138,394,100 
 0.0443229675293   1,0,-15,138,394,100 
 0.0447120666504   2,0,-31,-156,389,100 
 0.0437209606171   2,0,-15,-158,394,100 
 0.0444250106812   2,0,-21,-156,389,100 
 0.0428788661957   1,0,-15,137,389,100 
 0.0444571971893   1,0,-15,138,394,100 
 0.0432538986206   1,0,-15,138,394,100 
 0.0456910133362   1,0,-15,138,394,100 
 0.0428960323334   1,0,-15,137,389,100 
 0.0435271263123   2,0,-15,-158,394,100 
 0.04447889328   2,0,-15,-158,394,100 
 0.043792963028   2,0,-15,-158,394,100 
 0.044774055481   2,0,-28,-156,389,100 
 0.0441718101501   2,0,-23,-156,389,100 
 